Before sort: [982 132 853 361 260 454 754 313 566 828 329 822 554 310 807 293 985 871 560 123 826 464 7 652 268 360 900 609 994 551 931 956 120 416 707 107 253 660 843 617 960 150 548 870 115 945 277 543 177 848 815 547 817 901 798 860 967 950 104 392 423 547 48 272 957 523 871 932 497 892 153 50 157 225 904 485 190 427 16 101 165 244 661 973 223 251 524 191 171 332 890 75 186 118 851 837 840 451 550 783]
left 0 right 99 pivot 783Swap Here 0:550, 98:982 with pilot 783
Updated Array: [550 132 853 361 260 454 754 313 566 828 329 822 554 310 807 293 985 871 560 123 826 464 7 652 268 360 900 609 994 551 931 956 120 416 707 107 253 660 843 617 960 150 548 870 115 945 277 543 177 848 815 547 817 901 798 860 967 950 104 392 423 547 48 272 957 523 871 932 497 892 153 50 157 225 904 485 190 427 16 101 165 244 661 973 223 251 524 191 171 332 890 75 186 118 851 837 840 451 982 783]
Swap Here 2:451, 97:853 with pilot 783
Updated Array: [550 132 451 361 260 454 754 313 566 828 329 822 554 310 807 293 985 871 560 123 826 464 7 652 268 360 900 609 994 551 931 956 120 416 707 107 253 660 843 617 960 150 548 870 115 945 277 543 177 848 815 547 817 901 798 860 967 950 104 392 423 547 48 272 957 523 871 932 497 892 153 50 157 225 904 485 190 427 16 101 165 244 661 973 223 251 524 191 171 332 890 75 186 118 851 837 840 853 982 783]
Swap Here 9:118, 93:828 with pilot 783
Updated Array: [550 132 451 361 260 454 754 313 566 118 329 822 554 310 807 293 985 871 560 123 826 464 7 652 268 360 900 609 994 551 931 956 120 416 707 107 253 660 843 617 960 150 548 870 115 945 277 543 177 848 815 547 817 901 798 860 967 950 104 392 423 547 48 272 957 523 871 932 497 892 153 50 157 225 904 485 190 427 16 101 165 244 661 973 223 251 524 191 171 332 890 75 186 828 851 837 840 853 982 783]
Swap Here 11:186, 92:822 with pilot 783
Updated Array: [550 132 451 361 260 454 754 313 566 118 329 186 554 310 807 293 985 871 560 123 826 464 7 652 268 360 900 609 994 551 931 956 120 416 707 107 253 660 843 617 960 150 548 870 115 945 277 543 177 848 815 547 817 901 798 860 967 950 104 392 423 547 48 272 957 523 871 932 497 892 153 50 157 225 904 485 190 427 16 101 165 244 661 973 223 251 524 191 171 332 890 75 822 828 851 837 840 853 982 783]
Swap Here 14:75, 91:807 with pilot 783
Updated Array: [550 132 451 361 260 454 754 313 566 118 329 186 554 310 75 293 985 871 560 123 826 464 7 652 268 360 900 609 994 551 931 956 120 416 707 107 253 660 843 617 960 150 548 870 115 945 277 543 177 848 815 547 817 901 798 860 967 950 104 392 423 547 48 272 957 523 871 932 497 892 153 50 157 225 904 485 190 427 16 101 165 244 661 973 223 251 524 191 171 332 890 807 822 828 851 837 840 853 982 783]
Swap Here 16:332, 89:985 with pilot 783
Updated Array: [550 132 451 361 260 454 754 313 566 118 329 186 554 310 75 293 332 871 560 123 826 464 7 652 268 360 900 609 994 551 931 956 120 416 707 107 253 660 843 617 960 150 548 870 115 945 277 543 177 848 815 547 817 901 798 860 967 950 104 392 423 547 48 272 957 523 871 932 497 892 153 50 157 225 904 485 190 427 16 101 165 244 661 973 223 251 524 191 171 985 890 807 822 828 851 837 840 853 982 783]
Swap Here 17:171, 88:871 with pilot 783
Updated Array: [550 132 451 361 260 454 754 313 566 118 329 186 554 310 75 293 332 171 560 123 826 464 7 652 268 360 900 609 994 551 931 956 120 416 707 107 253 660 843 617 960 150 548 870 115 945 277 543 177 848 815 547 817 901 798 860 967 950 104 392 423 547 48 272 957 523 871 932 497 892 153 50 157 225 904 485 190 427 16 101 165 244 661 973 223 251 524 191 871 985 890 807 822 828 851 837 840 853 982 783]
Swap Here 20:191, 87:826 with pilot 783
Updated Array: [550 132 451 361 260 454 754 313 566 118 329 186 554 310 75 293 332 171 560 123 191 464 7 652 268 360 900 609 994 551 931 956 120 416 707 107 253 660 843 617 960 150 548 870 115 945 277 543 177 848 815 547 817 901 798 860 967 950 104 392 423 547 48 272 957 523 871 932 497 892 153 50 157 225 904 485 190 427 16 101 165 244 661 973 223 251 524 826 871 985 890 807 822 828 851 837 840 853 982 783]
Swap Here 26:524, 86:900 with pilot 783
Updated Array: [550 132 451 361 260 454 754 313 566 118 329 186 554 310 75 293 332 171 560 123 191 464 7 652 268 360 524 609 994 551 931 956 120 416 707 107 253 660 843 617 960 150 548 870 115 945 277 543 177 848 815 547 817 901 798 860 967 950 104 392 423 547 48 272 957 523 871 932 497 892 153 50 157 225 904 485 190 427 16 101 165 244 661 973 223 251 900 826 871 985 890 807 822 828 851 837 840 853 982 783]
Swap Here 28:251, 85:994 with pilot 783
Updated Array: [550 132 451 361 260 454 754 313 566 118 329 186 554 310 75 293 332 171 560 123 191 464 7 652 268 360 524 609 251 551 931 956 120 416 707 107 253 660 843 617 960 150 548 870 115 945 277 543 177 848 815 547 817 901 798 860 967 950 104 392 423 547 48 272 957 523 871 932 497 892 153 50 157 225 904 485 190 427 16 101 165 244 661 973 223 994 900 826 871 985 890 807 822 828 851 837 840 853 982 783]
Swap Here 30:223, 84:931 with pilot 783
Updated Array: [550 132 451 361 260 454 754 313 566 118 329 186 554 310 75 293 332 171 560 123 191 464 7 652 268 360 524 609 251 551 223 956 120 416 707 107 253 660 843 617 960 150 548 870 115 945 277 543 177 848 815 547 817 901 798 860 967 950 104 392 423 547 48 272 957 523 871 932 497 892 153 50 157 225 904 485 190 427 16 101 165 244 661 973 931 994 900 826 871 985 890 807 822 828 851 837 840 853 982 783]
Swap Here 31:661, 82:956 with pilot 783
Updated Array: [550 132 451 361 260 454 754 313 566 118 329 186 554 310 75 293 332 171 560 123 191 464 7 652 268 360 524 609 251 551 223 661 120 416 707 107 253 660 843 617 960 150 548 870 115 945 277 543 177 848 815 547 817 901 798 860 967 950 104 392 423 547 48 272 957 523 871 932 497 892 153 50 157 225 904 485 190 427 16 101 165 244 956 973 931 994 900 826 871 985 890 807 822 828 851 837 840 853 982 783]
Swap Here 38:244, 81:843 with pilot 783
Updated Array: [550 132 451 361 260 454 754 313 566 118 329 186 554 310 75 293 332 171 560 123 191 464 7 652 268 360 524 609 251 551 223 661 120 416 707 107 253 660 244 617 960 150 548 870 115 945 277 543 177 848 815 547 817 901 798 860 967 950 104 392 423 547 48 272 957 523 871 932 497 892 153 50 157 225 904 485 190 427 16 101 165 843 956 973 931 994 900 826 871 985 890 807 822 828 851 837 840 853 982 783]
Swap Here 40:165, 80:960 with pilot 783
Updated Array: [550 132 451 361 260 454 754 313 566 118 329 186 554 310 75 293 332 171 560 123 191 464 7 652 268 360 524 609 251 551 223 661 120 416 707 107 253 660 244 617 165 150 548 870 115 945 277 543 177 848 815 547 817 901 798 860 967 950 104 392 423 547 48 272 957 523 871 932 497 892 153 50 157 225 904 485 190 427 16 101 960 843 956 973 931 994 900 826 871 985 890 807 822 828 851 837 840 853 982 783]
Swap Here 43:101, 79:870 with pilot 783
Updated Array: [550 132 451 361 260 454 754 313 566 118 329 186 554 310 75 293 332 171 560 123 191 464 7 652 268 360 524 609 251 551 223 661 120 416 707 107 253 660 244 617 165 150 548 101 115 945 277 543 177 848 815 547 817 901 798 860 967 950 104 392 423 547 48 272 957 523 871 932 497 892 153 50 157 225 904 485 190 427 16 870 960 843 956 973 931 994 900 826 871 985 890 807 822 828 851 837 840 853 982 783]
Swap Here 45:16, 78:945 with pilot 783
Updated Array: [550 132 451 361 260 454 754 313 566 118 329 186 554 310 75 293 332 171 560 123 191 464 7 652 268 360 524 609 251 551 223 661 120 416 707 107 253 660 244 617 165 150 548 101 115 16 277 543 177 848 815 547 817 901 798 860 967 950 104 392 423 547 48 272 957 523 871 932 497 892 153 50 157 225 904 485 190 427 945 870 960 843 956 973 931 994 900 826 871 985 890 807 822 828 851 837 840 853 982 783]
Swap Here 49:427, 77:848 with pilot 783
Updated Array: [550 132 451 361 260 454 754 313 566 118 329 186 554 310 75 293 332 171 560 123 191 464 7 652 268 360 524 609 251 551 223 661 120 416 707 107 253 660 244 617 165 150 548 101 115 16 277 543 177 427 815 547 817 901 798 860 967 950 104 392 423 547 48 272 957 523 871 932 497 892 153 50 157 225 904 485 190 848 945 870 960 843 956 973 931 994 900 826 871 985 890 807 822 828 851 837 840 853 982 783]
Swap Here 50:190, 76:815 with pilot 783
Updated Array: [550 132 451 361 260 454 754 313 566 118 329 186 554 310 75 293 332 171 560 123 191 464 7 652 268 360 524 609 251 551 223 661 120 416 707 107 253 660 244 617 165 150 548 101 115 16 277 543 177 427 190 547 817 901 798 860 967 950 104 392 423 547 48 272 957 523 871 932 497 892 153 50 157 225 904 485 815 848 945 870 960 843 956 973 931 994 900 826 871 985 890 807 822 828 851 837 840 853 982 783]
Swap Here 52:485, 75:817 with pilot 783
Updated Array: [550 132 451 361 260 454 754 313 566 118 329 186 554 310 75 293 332 171 560 123 191 464 7 652 268 360 524 609 251 551 223 661 120 416 707 107 253 660 244 617 165 150 548 101 115 16 277 543 177 427 190 547 485 901 798 860 967 950 104 392 423 547 48 272 957 523 871 932 497 892 153 50 157 225 904 817 815 848 945 870 960 843 956 973 931 994 900 826 871 985 890 807 822 828 851 837 840 853 982 783]
Swap Here 53:225, 73:901 with pilot 783
Updated Array: [550 132 451 361 260 454 754 313 566 118 329 186 554 310 75 293 332 171 560 123 191 464 7 652 268 360 524 609 251 551 223 661 120 416 707 107 253 660 244 617 165 150 548 101 115 16 277 543 177 427 190 547 485 225 798 860 967 950 104 392 423 547 48 272 957 523 871 932 497 892 153 50 157 901 904 817 815 848 945 870 960 843 956 973 931 994 900 826 871 985 890 807 822 828 851 837 840 853 982 783]
Swap Here 54:157, 72:798 with pilot 783
Updated Array: [550 132 451 361 260 454 754 313 566 118 329 186 554 310 75 293 332 171 560 123 191 464 7 652 268 360 524 609 251 551 223 661 120 416 707 107 253 660 244 617 165 150 548 101 115 16 277 543 177 427 190 547 485 225 157 860 967 950 104 392 423 547 48 272 957 523 871 932 497 892 153 50 798 901 904 817 815 848 945 870 960 843 956 973 931 994 900 826 871 985 890 807 822 828 851 837 840 853 982 783]
Swap Here 55:50, 71:860 with pilot 783
Updated Array: [550 132 451 361 260 454 754 313 566 118 329 186 554 310 75 293 332 171 560 123 191 464 7 652 268 360 524 609 251 551 223 661 120 416 707 107 253 660 244 617 165 150 548 101 115 16 277 543 177 427 190 547 485 225 157 50 967 950 104 392 423 547 48 272 957 523 871 932 497 892 153 860 798 901 904 817 815 848 945 870 960 843 956 973 931 994 900 826 871 985 890 807 822 828 851 837 840 853 982 783]
Swap Here 56:153, 70:967 with pilot 783
Updated Array: [550 132 451 361 260 454 754 313 566 118 329 186 554 310 75 293 332 171 560 123 191 464 7 652 268 360 524 609 251 551 223 661 120 416 707 107 253 660 244 617 165 150 548 101 115 16 277 543 177 427 190 547 485 225 157 50 153 950 104 392 423 547 48 272 957 523 871 932 497 892 967 860 798 901 904 817 815 848 945 870 960 843 956 973 931 994 900 826 871 985 890 807 822 828 851 837 840 853 982 783]
Swap Here 57:497, 68:950 with pilot 783
Updated Array: [550 132 451 361 260 454 754 313 566 118 329 186 554 310 75 293 332 171 560 123 191 464 7 652 268 360 524 609 251 551 223 661 120 416 707 107 253 660 244 617 165 150 548 101 115 16 277 543 177 427 190 547 485 225 157 50 153 497 104 392 423 547 48 272 957 523 871 932 950 892 967 860 798 901 904 817 815 848 945 870 960 843 956 973 931 994 900 826 871 985 890 807 822 828 851 837 840 853 982 783]
Swap Here 64:523, 65:957 with pilot 783
Updated Array: [550 132 451 361 260 454 754 313 566 118 329 186 554 310 75 293 332 171 560 123 191 464 7 652 268 360 524 609 251 551 223 661 120 416 707 107 253 660 244 617 165 150 548 101 115 16 277 543 177 427 190 547 485 225 157 50 153 497 104 392 423 547 48 272 523 957 871 932 950 892 967 860 798 901 904 817 815 848 945 870 960 843 956 973 931 994 900 826 871 985 890 807 822 828 851 837 840 853 982 783]
Break out left 65
Swap 65, 99 with pilot 783
Updated Array: [550 132 451 361 260 454 754 313 566 118 329 186 554 310 75 293 332 171 560 123 191 464 7 652 268 360 524 609 251 551 223 661 120 416 707 107 253 660 244 617 165 150 548 101 115 16 277 543 177 427 190 547 485 225 157 50 153 497 104 392 423 547 48 272 523 783 871 932 950 892 967 860 798 901 904 817 815 848 945 870 960 843 956 973 931 994 900 826 871 985 890 807 822 828 851 837 840 853 982 957]
return: 65
left 0 right 64 pivot 523Swap Here 0:272, 63:550 with pilot 523
Updated Array: [272 132 451 361 260 454 754 313 566 118 329 186 554 310 75 293 332 171 560 123 191 464 7 652 268 360 524 609 251 551 223 661 120 416 707 107 253 660 244 617 165 150 548 101 115 16 277 543 177 427 190 547 485 225 157 50 153 497 104 392 423 547 48 550 523 783 871 932 950 892 967 860 798 901 904 817 815 848 945 870 960 843 956 973 931 994 900 826 871 985 890 807 822 828 851 837 840 853 982 957]
Swap Here 6:48, 62:754 with pilot 523
Updated Array: [272 132 451 361 260 454 48 313 566 118 329 186 554 310 75 293 332 171 560 123 191 464 7 652 268 360 524 609 251 551 223 661 120 416 707 107 253 660 244 617 165 150 548 101 115 16 277 543 177 427 190 547 485 225 157 50 153 497 104 392 423 547 754 550 523 783 871 932 950 892 967 860 798 901 904 817 815 848 945 870 960 843 956 973 931 994 900 826 871 985 890 807 822 828 851 837 840 853 982 957]
Swap Here 8:423, 60:566 with pilot 523
Updated Array: [272 132 451 361 260 454 48 313 423 118 329 186 554 310 75 293 332 171 560 123 191 464 7 652 268 360 524 609 251 551 223 661 120 416 707 107 253 660 244 617 165 150 548 101 115 16 277 543 177 427 190 547 485 225 157 50 153 497 104 392 566 547 754 550 523 783 871 932 950 892 967 860 798 901 904 817 815 848 945 870 960 843 956 973 931 994 900 826 871 985 890 807 822 828 851 837 840 853 982 957]
Swap Here 12:392, 59:554 with pilot 523
Updated Array: [272 132 451 361 260 454 48 313 423 118 329 186 392 310 75 293 332 171 560 123 191 464 7 652 268 360 524 609 251 551 223 661 120 416 707 107 253 660 244 617 165 150 548 101 115 16 277 543 177 427 190 547 485 225 157 50 153 497 104 554 566 547 754 550 523 783 871 932 950 892 967 860 798 901 904 817 815 848 945 870 960 843 956 973 931 994 900 826 871 985 890 807 822 828 851 837 840 853 982 957]
Swap Here 18:104, 58:560 with pilot 523
Updated Array: [272 132 451 361 260 454 48 313 423 118 329 186 392 310 75 293 332 171 104 123 191 464 7 652 268 360 524 609 251 551 223 661 120 416 707 107 253 660 244 617 165 150 548 101 115 16 277 543 177 427 190 547 485 225 157 50 153 497 560 554 566 547 754 550 523 783 871 932 950 892 967 860 798 901 904 817 815 848 945 870 960 843 956 973 931 994 900 826 871 985 890 807 822 828 851 837 840 853 982 957]
Swap Here 23:497, 57:652 with pilot 523
Updated Array: [272 132 451 361 260 454 48 313 423 118 329 186 392 310 75 293 332 171 104 123 191 464 7 497 268 360 524 609 251 551 223 661 120 416 707 107 253 660 244 617 165 150 548 101 115 16 277 543 177 427 190 547 485 225 157 50 153 652 560 554 566 547 754 550 523 783 871 932 950 892 967 860 798 901 904 817 815 848 945 870 960 843 956 973 931 994 900 826 871 985 890 807 822 828 851 837 840 853 982 957]
Swap Here 26:153, 56:524 with pilot 523
Updated Array: [272 132 451 361 260 454 48 313 423 118 329 186 392 310 75 293 332 171 104 123 191 464 7 497 268 360 153 609 251 551 223 661 120 416 707 107 253 660 244 617 165 150 548 101 115 16 277 543 177 427 190 547 485 225 157 50 524 652 560 554 566 547 754 550 523 783 871 932 950 892 967 860 798 901 904 817 815 848 945 870 960 843 956 973 931 994 900 826 871 985 890 807 822 828 851 837 840 853 982 957]
Swap Here 27:50, 55:609 with pilot 523
Updated Array: [272 132 451 361 260 454 48 313 423 118 329 186 392 310 75 293 332 171 104 123 191 464 7 497 268 360 153 50 251 551 223 661 120 416 707 107 253 660 244 617 165 150 548 101 115 16 277 543 177 427 190 547 485 225 157 609 524 652 560 554 566 547 754 550 523 783 871 932 950 892 967 860 798 901 904 817 815 848 945 870 960 843 956 973 931 994 900 826 871 985 890 807 822 828 851 837 840 853 982 957]
Swap Here 29:157, 54:551 with pilot 523
Updated Array: [272 132 451 361 260 454 48 313 423 118 329 186 392 310 75 293 332 171 104 123 191 464 7 497 268 360 153 50 251 157 223 661 120 416 707 107 253 660 244 617 165 150 548 101 115 16 277 543 177 427 190 547 485 225 551 609 524 652 560 554 566 547 754 550 523 783 871 932 950 892 967 860 798 901 904 817 815 848 945 870 960 843 956 973 931 994 900 826 871 985 890 807 822 828 851 837 840 853 982 957]
Swap Here 31:225, 53:661 with pilot 523
Updated Array: [272 132 451 361 260 454 48 313 423 118 329 186 392 310 75 293 332 171 104 123 191 464 7 497 268 360 153 50 251 157 223 225 120 416 707 107 253 660 244 617 165 150 548 101 115 16 277 543 177 427 190 547 485 661 551 609 524 652 560 554 566 547 754 550 523 783 871 932 950 892 967 860 798 901 904 817 815 848 945 870 960 843 956 973 931 994 900 826 871 985 890 807 822 828 851 837 840 853 982 957]
Swap Here 34:485, 52:707 with pilot 523
Updated Array: [272 132 451 361 260 454 48 313 423 118 329 186 392 310 75 293 332 171 104 123 191 464 7 497 268 360 153 50 251 157 223 225 120 416 485 107 253 660 244 617 165 150 548 101 115 16 277 543 177 427 190 547 707 661 551 609 524 652 560 554 566 547 754 550 523 783 871 932 950 892 967 860 798 901 904 817 815 848 945 870 960 843 956 973 931 994 900 826 871 985 890 807 822 828 851 837 840 853 982 957]
Swap Here 37:190, 50:660 with pilot 523
Updated Array: [272 132 451 361 260 454 48 313 423 118 329 186 392 310 75 293 332 171 104 123 191 464 7 497 268 360 153 50 251 157 223 225 120 416 485 107 253 190 244 617 165 150 548 101 115 16 277 543 177 427 660 547 707 661 551 609 524 652 560 554 566 547 754 550 523 783 871 932 950 892 967 860 798 901 904 817 815 848 945 870 960 843 956 973 931 994 900 826 871 985 890 807 822 828 851 837 840 853 982 957]
Swap Here 39:427, 49:617 with pilot 523
Updated Array: [272 132 451 361 260 454 48 313 423 118 329 186 392 310 75 293 332 171 104 123 191 464 7 497 268 360 153 50 251 157 223 225 120 416 485 107 253 190 244 427 165 150 548 101 115 16 277 543 177 617 660 547 707 661 551 609 524 652 560 554 566 547 754 550 523 783 871 932 950 892 967 860 798 901 904 817 815 848 945 870 960 843 956 973 931 994 900 826 871 985 890 807 822 828 851 837 840 853 982 957]
Swap Here 42:177, 48:548 with pilot 523
Updated Array: [272 132 451 361 260 454 48 313 423 118 329 186 392 310 75 293 332 171 104 123 191 464 7 497 268 360 153 50 251 157 223 225 120 416 485 107 253 190 244 427 165 150 177 101 115 16 277 543 548 617 660 547 707 661 551 609 524 652 560 554 566 547 754 550 523 783 871 932 950 892 967 860 798 901 904 817 815 848 945 870 960 843 956 973 931 994 900 826 871 985 890 807 822 828 851 837 840 853 982 957]
Break out left 47
Swap 47, 64 with pilot 523
Updated Array: [272 132 451 361 260 454 48 313 423 118 329 186 392 310 75 293 332 171 104 123 191 464 7 497 268 360 153 50 251 157 223 225 120 416 485 107 253 190 244 427 165 150 177 101 115 16 277 523 548 617 660 547 707 661 551 609 524 652 560 554 566 547 754 550 543 783 871 932 950 892 967 860 798 901 904 817 815 848 945 870 960 843 956 973 931 994 900 826 871 985 890 807 822 828 851 837 840 853 982 957]
return: 47
left 0 right 46 pivot 277Swap Here 2:16, 45:451 with pilot 277
Updated Array: [272 132 16 361 260 454 48 313 423 118 329 186 392 310 75 293 332 171 104 123 191 464 7 497 268 360 153 50 251 157 223 225 120 416 485 107 253 190 244 427 165 150 177 101 115 451 277 523 548 617 660 547 707 661 551 609 524 652 560 554 566 547 754 550 543 783 871 932 950 892 967 860 798 901 904 817 815 848 945 870 960 843 956 973 931 994 900 826 871 985 890 807 822 828 851 837 840 853 982 957]
Swap Here 3:115, 44:361 with pilot 277
Updated Array: [272 132 16 115 260 454 48 313 423 118 329 186 392 310 75 293 332 171 104 123 191 464 7 497 268 360 153 50 251 157 223 225 120 416 485 107 253 190 244 427 165 150 177 101 361 451 277 523 548 617 660 547 707 661 551 609 524 652 560 554 566 547 754 550 543 783 871 932 950 892 967 860 798 901 904 817 815 848 945 870 960 843 956 973 931 994 900 826 871 985 890 807 822 828 851 837 840 853 982 957]
Swap Here 5:101, 43:454 with pilot 277
Updated Array: [272 132 16 115 260 101 48 313 423 118 329 186 392 310 75 293 332 171 104 123 191 464 7 497 268 360 153 50 251 157 223 225 120 416 485 107 253 190 244 427 165 150 177 454 361 451 277 523 548 617 660 547 707 661 551 609 524 652 560 554 566 547 754 550 543 783 871 932 950 892 967 860 798 901 904 817 815 848 945 870 960 843 956 973 931 994 900 826 871 985 890 807 822 828 851 837 840 853 982 957]
Swap Here 7:177, 42:313 with pilot 277
Updated Array: [272 132 16 115 260 101 48 177 423 118 329 186 392 310 75 293 332 171 104 123 191 464 7 497 268 360 153 50 251 157 223 225 120 416 485 107 253 190 244 427 165 150 313 454 361 451 277 523 548 617 660 547 707 661 551 609 524 652 560 554 566 547 754 550 543 783 871 932 950 892 967 860 798 901 904 817 815 848 945 870 960 843 956 973 931 994 900 826 871 985 890 807 822 828 851 837 840 853 982 957]
Swap Here 8:150, 41:423 with pilot 277
Updated Array: [272 132 16 115 260 101 48 177 150 118 329 186 392 310 75 293 332 171 104 123 191 464 7 497 268 360 153 50 251 157 223 225 120 416 485 107 253 190 244 427 165 423 313 454 361 451 277 523 548 617 660 547 707 661 551 609 524 652 560 554 566 547 754 550 543 783 871 932 950 892 967 860 798 901 904 817 815 848 945 870 960 843 956 973 931 994 900 826 871 985 890 807 822 828 851 837 840 853 982 957]
Swap Here 10:165, 40:329 with pilot 277
Updated Array: [272 132 16 115 260 101 48 177 150 118 165 186 392 310 75 293 332 171 104 123 191 464 7 497 268 360 153 50 251 157 223 225 120 416 485 107 253 190 244 427 329 423 313 454 361 451 277 523 548 617 660 547 707 661 551 609 524 652 560 554 566 547 754 550 543 783 871 932 950 892 967 860 798 901 904 817 815 848 945 870 960 843 956 973 931 994 900 826 871 985 890 807 822 828 851 837 840 853 982 957]
Swap Here 12:244, 38:392 with pilot 277
Updated Array: [272 132 16 115 260 101 48 177 150 118 165 186 244 310 75 293 332 171 104 123 191 464 7 497 268 360 153 50 251 157 223 225 120 416 485 107 253 190 392 427 329 423 313 454 361 451 277 523 548 617 660 547 707 661 551 609 524 652 560 554 566 547 754 550 543 783 871 932 950 892 967 860 798 901 904 817 815 848 945 870 960 843 956 973 931 994 900 826 871 985 890 807 822 828 851 837 840 853 982 957]
Swap Here 13:190, 37:310 with pilot 277
Updated Array: [272 132 16 115 260 101 48 177 150 118 165 186 244 190 75 293 332 171 104 123 191 464 7 497 268 360 153 50 251 157 223 225 120 416 485 107 253 310 392 427 329 423 313 454 361 451 277 523 548 617 660 547 707 661 551 609 524 652 560 554 566 547 754 550 543 783 871 932 950 892 967 860 798 901 904 817 815 848 945 870 960 843 956 973 931 994 900 826 871 985 890 807 822 828 851 837 840 853 982 957]
Swap Here 15:253, 36:293 with pilot 277
Updated Array: [272 132 16 115 260 101 48 177 150 118 165 186 244 190 75 253 332 171 104 123 191 464 7 497 268 360 153 50 251 157 223 225 120 416 485 107 293 310 392 427 329 423 313 454 361 451 277 523 548 617 660 547 707 661 551 609 524 652 560 554 566 547 754 550 543 783 871 932 950 892 967 860 798 901 904 817 815 848 945 870 960 843 956 973 931 994 900 826 871 985 890 807 822 828 851 837 840 853 982 957]
Swap Here 16:107, 35:332 with pilot 277
Updated Array: [272 132 16 115 260 101 48 177 150 118 165 186 244 190 75 253 107 171 104 123 191 464 7 497 268 360 153 50 251 157 223 225 120 416 485 332 293 310 392 427 329 423 313 454 361 451 277 523 548 617 660 547 707 661 551 609 524 652 560 554 566 547 754 550 543 783 871 932 950 892 967 860 798 901 904 817 815 848 945 870 960 843 956 973 931 994 900 826 871 985 890 807 822 828 851 837 840 853 982 957]
Swap Here 21:120, 32:464 with pilot 277
Updated Array: [272 132 16 115 260 101 48 177 150 118 165 186 244 190 75 253 107 171 104 123 191 120 7 497 268 360 153 50 251 157 223 225 464 416 485 332 293 310 392 427 329 423 313 454 361 451 277 523 548 617 660 547 707 661 551 609 524 652 560 554 566 547 754 550 543 783 871 932 950 892 967 860 798 901 904 817 815 848 945 870 960 843 956 973 931 994 900 826 871 985 890 807 822 828 851 837 840 853 982 957]
Swap Here 23:225, 31:497 with pilot 277
Updated Array: [272 132 16 115 260 101 48 177 150 118 165 186 244 190 75 253 107 171 104 123 191 120 7 225 268 360 153 50 251 157 223 497 464 416 485 332 293 310 392 427 329 423 313 454 361 451 277 523 548 617 660 547 707 661 551 609 524 652 560 554 566 547 754 550 543 783 871 932 950 892 967 860 798 901 904 817 815 848 945 870 960 843 956 973 931 994 900 826 871 985 890 807 822 828 851 837 840 853 982 957]
Swap Here 25:223, 30:360 with pilot 277
Updated Array: [272 132 16 115 260 101 48 177 150 118 165 186 244 190 75 253 107 171 104 123 191 120 7 225 268 223 153 50 251 157 360 497 464 416 485 332 293 310 392 427 329 423 313 454 361 451 277 523 548 617 660 547 707 661 551 609 524 652 560 554 566 547 754 550 543 783 871 932 950 892 967 860 798 901 904 817 815 848 945 870 960 843 956 973 931 994 900 826 871 985 890 807 822 828 851 837 840 853 982 957]
Break out left 30
Swap 30, 46 with pilot 277
Updated Array: [272 132 16 115 260 101 48 177 150 118 165 186 244 190 75 253 107 171 104 123 191 120 7 225 268 223 153 50 251 157 277 497 464 416 485 332 293 310 392 427 329 423 313 454 361 451 360 523 548 617 660 547 707 661 551 609 524 652 560 554 566 547 754 550 543 783 871 932 950 892 967 860 798 901 904 817 815 848 945 870 960 843 956 973 931 994 900 826 871 985 890 807 822 828 851 837 840 853 982 957]
return: 30
left 0 right 29 pivot 157Swap Here 0:50, 27:272 with pilot 157
Updated Array: [50 132 16 115 260 101 48 177 150 118 165 186 244 190 75 253 107 171 104 123 191 120 7 225 268 223 153 272 251 157 277 497 464 416 485 332 293 310 392 427 329 423 313 454 361 451 360 523 548 617 660 547 707 661 551 609 524 652 560 554 566 547 754 550 543 783 871 932 950 892 967 860 798 901 904 817 815 848 945 870 960 843 956 973 931 994 900 826 871 985 890 807 822 828 851 837 840 853 982 957]
Swap Here 4:153, 26:260 with pilot 157
Updated Array: [50 132 16 115 153 101 48 177 150 118 165 186 244 190 75 253 107 171 104 123 191 120 7 225 268 223 260 272 251 157 277 497 464 416 485 332 293 310 392 427 329 423 313 454 361 451 360 523 548 617 660 547 707 661 551 609 524 652 560 554 566 547 754 550 543 783 871 932 950 892 967 860 798 901 904 817 815 848 945 870 960 843 956 973 931 994 900 826 871 985 890 807 822 828 851 837 840 853 982 957]
Swap Here 7:7, 22:177 with pilot 157
Updated Array: [50 132 16 115 153 101 48 7 150 118 165 186 244 190 75 253 107 171 104 123 191 120 177 225 268 223 260 272 251 157 277 497 464 416 485 332 293 310 392 427 329 423 313 454 361 451 360 523 548 617 660 547 707 661 551 609 524 652 560 554 566 547 754 550 543 783 871 932 950 892 967 860 798 901 904 817 815 848 945 870 960 843 956 973 931 994 900 826 871 985 890 807 822 828 851 837 840 853 982 957]
Swap Here 10:120, 21:165 with pilot 157
Updated Array: [50 132 16 115 153 101 48 7 150 118 120 186 244 190 75 253 107 171 104 123 191 165 177 225 268 223 260 272 251 157 277 497 464 416 485 332 293 310 392 427 329 423 313 454 361 451 360 523 548 617 660 547 707 661 551 609 524 652 560 554 566 547 754 550 543 783 871 932 950 892 967 860 798 901 904 817 815 848 945 870 960 843 956 973 931 994 900 826 871 985 890 807 822 828 851 837 840 853 982 957]
Swap Here 11:123, 19:186 with pilot 157
Updated Array: [50 132 16 115 153 101 48 7 150 118 120 123 244 190 75 253 107 171 104 186 191 165 177 225 268 223 260 272 251 157 277 497 464 416 485 332 293 310 392 427 329 423 313 454 361 451 360 523 548 617 660 547 707 661 551 609 524 652 560 554 566 547 754 550 543 783 871 932 950 892 967 860 798 901 904 817 815 848 945 870 960 843 956 973 931 994 900 826 871 985 890 807 822 828 851 837 840 853 982 957]
Swap Here 12:104, 18:244 with pilot 157
Updated Array: [50 132 16 115 153 101 48 7 150 118 120 123 104 190 75 253 107 171 244 186 191 165 177 225 268 223 260 272 251 157 277 497 464 416 485 332 293 310 392 427 329 423 313 454 361 451 360 523 548 617 660 547 707 661 551 609 524 652 560 554 566 547 754 550 543 783 871 932 950 892 967 860 798 901 904 817 815 848 945 870 960 843 956 973 931 994 900 826 871 985 890 807 822 828 851 837 840 853 982 957]
Swap Here 13:107, 16:190 with pilot 157
Updated Array: [50 132 16 115 153 101 48 7 150 118 120 123 104 107 75 253 190 171 244 186 191 165 177 225 268 223 260 272 251 157 277 497 464 416 485 332 293 310 392 427 329 423 313 454 361 451 360 523 548 617 660 547 707 661 551 609 524 652 560 554 566 547 754 550 543 783 871 932 950 892 967 860 798 901 904 817 815 848 945 870 960 843 956 973 931 994 900 826 871 985 890 807 822 828 851 837 840 853 982 957]
Break out left 15
Swap 15, 29 with pilot 157
Updated Array: [50 132 16 115 153 101 48 7 150 118 120 123 104 107 75 157 190 171 244 186 191 165 177 225 268 223 260 272 251 253 277 497 464 416 485 332 293 310 392 427 329 423 313 454 361 451 360 523 548 617 660 547 707 661 551 609 524 652 560 554 566 547 754 550 543 783 871 932 950 892 967 860 798 901 904 817 815 848 945 870 960 843 956 973 931 994 900 826 871 985 890 807 822 828 851 837 840 853 982 957]
return: 15
left 0 right 14 pivot 75Swap Here 1:7, 7:132 with pilot 75
Updated Array: [50 7 16 115 153 101 48 132 150 118 120 123 104 107 75 157 190 171 244 186 191 165 177 225 268 223 260 272 251 253 277 497 464 416 485 332 293 310 392 427 329 423 313 454 361 451 360 523 548 617 660 547 707 661 551 609 524 652 560 554 566 547 754 550 543 783 871 932 950 892 967 860 798 901 904 817 815 848 945 870 960 843 956 973 931 994 900 826 871 985 890 807 822 828 851 837 840 853 982 957]
Swap Here 3:48, 6:115 with pilot 75
Updated Array: [50 7 16 48 153 101 115 132 150 118 120 123 104 107 75 157 190 171 244 186 191 165 177 225 268 223 260 272 251 253 277 497 464 416 485 332 293 310 392 427 329 423 313 454 361 451 360 523 548 617 660 547 707 661 551 609 524 652 560 554 566 547 754 550 543 783 871 932 950 892 967 860 798 901 904 817 815 848 945 870 960 843 956 973 931 994 900 826 871 985 890 807 822 828 851 837 840 853 982 957]
Break out left 4
Swap 4, 14 with pilot 75
Updated Array: [50 7 16 48 75 101 115 132 150 118 120 123 104 107 153 157 190 171 244 186 191 165 177 225 268 223 260 272 251 253 277 497 464 416 485 332 293 310 392 427 329 423 313 454 361 451 360 523 548 617 660 547 707 661 551 609 524 652 560 554 566 547 754 550 543 783 871 932 950 892 967 860 798 901 904 817 815 848 945 870 960 843 956 973 931 994 900 826 871 985 890 807 822 828 851 837 840 853 982 957]
return: 4
left 0 right 3 pivot 48Swap Here 0:16, 2:50 with pilot 48
Updated Array: [16 7 50 48 75 101 115 132 150 118 120 123 104 107 153 157 190 171 244 186 191 165 177 225 268 223 260 272 251 253 277 497 464 416 485 332 293 310 392 427 329 423 313 454 361 451 360 523 548 617 660 547 707 661 551 609 524 652 560 554 566 547 754 550 543 783 871 932 950 892 967 860 798 901 904 817 815 848 945 870 960 843 956 973 931 994 900 826 871 985 890 807 822 828 851 837 840 853 982 957]
Break out left 2
Swap 2, 3 with pilot 48
Updated Array: [16 7 48 50 75 101 115 132 150 118 120 123 104 107 153 157 190 171 244 186 191 165 177 225 268 223 260 272 251 253 277 497 464 416 485 332 293 310 392 427 329 423 313 454 361 451 360 523 548 617 660 547 707 661 551 609 524 652 560 554 566 547 754 550 543 783 871 932 950 892 967 860 798 901 904 817 815 848 945 870 960 843 956 973 931 994 900 826 871 985 890 807 822 828 851 837 840 853 982 957]
return: 2
left 0 right 1 pivot 7Break out left 0
Swap 0, 1 with pilot 7
Updated Array: [7 16 48 50 75 101 115 132 150 118 120 123 104 107 153 157 190 171 244 186 191 165 177 225 268 223 260 272 251 253 277 497 464 416 485 332 293 310 392 427 329 423 313 454 361 451 360 523 548 617 660 547 707 661 551 609 524 652 560 554 566 547 754 550 543 783 871 932 950 892 967 860 798 901 904 817 815 848 945 870 960 843 956 973 931 994 900 826 871 985 890 807 822 828 851 837 840 853 982 957]
return: 0
left 5 right 14 pivot 153Break out left 14
Swap 14, 14 with pilot 153
Updated Array: [7 16 48 50 75 101 115 132 150 118 120 123 104 107 153 157 190 171 244 186 191 165 177 225 268 223 260 272 251 253 277 497 464 416 485 332 293 310 392 427 329 423 313 454 361 451 360 523 548 617 660 547 707 661 551 609 524 652 560 554 566 547 754 550 543 783 871 932 950 892 967 860 798 901 904 817 815 848 945 870 960 843 956 973 931 994 900 826 871 985 890 807 822 828 851 837 840 853 982 957]
return: 14
left 5 right 13 pivot 107Swap Here 6:104, 12:115 with pilot 107
Updated Array: [7 16 48 50 75 101 104 132 150 118 120 123 115 107 153 157 190 171 244 186 191 165 177 225 268 223 260 272 251 253 277 497 464 416 485 332 293 310 392 427 329 423 313 454 361 451 360 523 548 617 660 547 707 661 551 609 524 652 560 554 566 547 754 550 543 783 871 932 950 892 967 860 798 901 904 817 815 848 945 870 960 843 956 973 931 994 900 826 871 985 890 807 822 828 851 837 840 853 982 957]
Break out left 7
Swap 7, 13 with pilot 107
Updated Array: [7 16 48 50 75 101 104 107 150 118 120 123 115 132 153 157 190 171 244 186 191 165 177 225 268 223 260 272 251 253 277 497 464 416 485 332 293 310 392 427 329 423 313 454 361 451 360 523 548 617 660 547 707 661 551 609 524 652 560 554 566 547 754 550 543 783 871 932 950 892 967 860 798 901 904 817 815 848 945 870 960 843 956 973 931 994 900 826 871 985 890 807 822 828 851 837 840 853 982 957]
return: 7
left 5 right 6 pivot 104Break out left 6
Swap 6, 6 with pilot 104
Updated Array: [7 16 48 50 75 101 104 107 150 118 120 123 115 132 153 157 190 171 244 186 191 165 177 225 268 223 260 272 251 253 277 497 464 416 485 332 293 310 392 427 329 423 313 454 361 451 360 523 548 617 660 547 707 661 551 609 524 652 560 554 566 547 754 550 543 783 871 932 950 892 967 860 798 901 904 817 815 848 945 870 960 843 956 973 931 994 900 826 871 985 890 807 822 828 851 837 840 853 982 957]
return: 6
left 8 right 13 pivot 132Swap Here 8:115, 12:150 with pilot 132
Updated Array: [7 16 48 50 75 101 104 107 115 118 120 123 150 132 153 157 190 171 244 186 191 165 177 225 268 223 260 272 251 253 277 497 464 416 485 332 293 310 392 427 329 423 313 454 361 451 360 523 548 617 660 547 707 661 551 609 524 652 560 554 566 547 754 550 543 783 871 932 950 892 967 860 798 901 904 817 815 848 945 870 960 843 956 973 931 994 900 826 871 985 890 807 822 828 851 837 840 853 982 957]
Break out left 12
Swap 12, 13 with pilot 132
Updated Array: [7 16 48 50 75 101 104 107 115 118 120 123 132 150 153 157 190 171 244 186 191 165 177 225 268 223 260 272 251 253 277 497 464 416 485 332 293 310 392 427 329 423 313 454 361 451 360 523 548 617 660 547 707 661 551 609 524 652 560 554 566 547 754 550 543 783 871 932 950 892 967 860 798 901 904 817 815 848 945 870 960 843 956 973 931 994 900 826 871 985 890 807 822 828 851 837 840 853 982 957]
return: 12
left 8 right 11 pivot 123Break out left 11
Swap 11, 11 with pilot 123
Updated Array: [7 16 48 50 75 101 104 107 115 118 120 123 132 150 153 157 190 171 244 186 191 165 177 225 268 223 260 272 251 253 277 497 464 416 485 332 293 310 392 427 329 423 313 454 361 451 360 523 548 617 660 547 707 661 551 609 524 652 560 554 566 547 754 550 543 783 871 932 950 892 967 860 798 901 904 817 815 848 945 870 960 843 956 973 931 994 900 826 871 985 890 807 822 828 851 837 840 853 982 957]
return: 11
left 8 right 10 pivot 120Break out left 10
Swap 10, 10 with pilot 120
Updated Array: [7 16 48 50 75 101 104 107 115 118 120 123 132 150 153 157 190 171 244 186 191 165 177 225 268 223 260 272 251 253 277 497 464 416 485 332 293 310 392 427 329 423 313 454 361 451 360 523 548 617 660 547 707 661 551 609 524 652 560 554 566 547 754 550 543 783 871 932 950 892 967 860 798 901 904 817 815 848 945 870 960 843 956 973 931 994 900 826 871 985 890 807 822 828 851 837 840 853 982 957]
return: 10
left 8 right 9 pivot 118Break out left 9
Swap 9, 9 with pilot 118
Updated Array: [7 16 48 50 75 101 104 107 115 118 120 123 132 150 153 157 190 171 244 186 191 165 177 225 268 223 260 272 251 253 277 497 464 416 485 332 293 310 392 427 329 423 313 454 361 451 360 523 548 617 660 547 707 661 551 609 524 652 560 554 566 547 754 550 543 783 871 932 950 892 967 860 798 901 904 817 815 848 945 870 960 843 956 973 931 994 900 826 871 985 890 807 822 828 851 837 840 853 982 957]
return: 9
left 16 right 29 pivot 253Swap Here 24:251, 28:268 with pilot 253
Updated Array: [7 16 48 50 75 101 104 107 115 118 120 123 132 150 153 157 190 171 244 186 191 165 177 225 251 223 260 272 268 253 277 497 464 416 485 332 293 310 392 427 329 423 313 454 361 451 360 523 548 617 660 547 707 661 551 609 524 652 560 554 566 547 754 550 543 783 871 932 950 892 967 860 798 901 904 817 815 848 945 870 960 843 956 973 931 994 900 826 871 985 890 807 822 828 851 837 840 853 982 957]
Break out left 26
Swap 26, 29 with pilot 253
Updated Array: [7 16 48 50 75 101 104 107 115 118 120 123 132 150 153 157 190 171 244 186 191 165 177 225 251 223 253 272 268 260 277 497 464 416 485 332 293 310 392 427 329 423 313 454 361 451 360 523 548 617 660 547 707 661 551 609 524 652 560 554 566 547 754 550 543 783 871 932 950 892 967 860 798 901 904 817 815 848 945 870 960 843 956 973 931 994 900 826 871 985 890 807 822 828 851 837 840 853 982 957]
return: 26
left 16 right 25 pivot 223Swap Here 18:177, 22:244 with pilot 223
Updated Array: [7 16 48 50 75 101 104 107 115 118 120 123 132 150 153 157 190 171 177 186 191 165 244 225 251 223 253 272 268 260 277 497 464 416 485 332 293 310 392 427 329 423 313 454 361 451 360 523 548 617 660 547 707 661 551 609 524 652 560 554 566 547 754 550 543 783 871 932 950 892 967 860 798 901 904 817 815 848 945 870 960 843 956 973 931 994 900 826 871 985 890 807 822 828 851 837 840 853 982 957]
Break out left 22
Swap 22, 25 with pilot 223
Updated Array: [7 16 48 50 75 101 104 107 115 118 120 123 132 150 153 157 190 171 177 186 191 165 223 225 251 244 253 272 268 260 277 497 464 416 485 332 293 310 392 427 329 423 313 454 361 451 360 523 548 617 660 547 707 661 551 609 524 652 560 554 566 547 754 550 543 783 871 932 950 892 967 860 798 901 904 817 815 848 945 870 960 843 956 973 931 994 900 826 871 985 890 807 822 828 851 837 840 853 982 957]
return: 22
left 16 right 21 pivot 165Break out left 16
Swap 16, 21 with pilot 165
Updated Array: [7 16 48 50 75 101 104 107 115 118 120 123 132 150 153 157 165 171 177 186 191 190 223 225 251 244 253 272 268 260 277 497 464 416 485 332 293 310 392 427 329 423 313 454 361 451 360 523 548 617 660 547 707 661 551 609 524 652 560 554 566 547 754 550 543 783 871 932 950 892 967 860 798 901 904 817 815 848 945 870 960 843 956 973 931 994 900 826 871 985 890 807 822 828 851 837 840 853 982 957]
return: 16
left 17 right 21 pivot 190Break out left 20
Swap 20, 21 with pilot 190
Updated Array: [7 16 48 50 75 101 104 107 115 118 120 123 132 150 153 157 165 171 177 186 190 191 223 225 251 244 253 272 268 260 277 497 464 416 485 332 293 310 392 427 329 423 313 454 361 451 360 523 548 617 660 547 707 661 551 609 524 652 560 554 566 547 754 550 543 783 871 932 950 892 967 860 798 901 904 817 815 848 945 870 960 843 956 973 931 994 900 826 871 985 890 807 822 828 851 837 840 853 982 957]
return: 20
left 17 right 19 pivot 186Break out left 19
Swap 19, 19 with pilot 186
Updated Array: [7 16 48 50 75 101 104 107 115 118 120 123 132 150 153 157 165 171 177 186 190 191 223 225 251 244 253 272 268 260 277 497 464 416 485 332 293 310 392 427 329 423 313 454 361 451 360 523 548 617 660 547 707 661 551 609 524 652 560 554 566 547 754 550 543 783 871 932 950 892 967 860 798 901 904 817 815 848 945 870 960 843 956 973 931 994 900 826 871 985 890 807 822 828 851 837 840 853 982 957]
return: 19
left 17 right 18 pivot 177Break out left 18
Swap 18, 18 with pilot 177
Updated Array: [7 16 48 50 75 101 104 107 115 118 120 123 132 150 153 157 165 171 177 186 190 191 223 225 251 244 253 272 268 260 277 497 464 416 485 332 293 310 392 427 329 423 313 454 361 451 360 523 548 617 660 547 707 661 551 609 524 652 560 554 566 547 754 550 543 783 871 932 950 892 967 860 798 901 904 817 815 848 945 870 960 843 956 973 931 994 900 826 871 985 890 807 822 828 851 837 840 853 982 957]
return: 18
left 23 right 25 pivot 244Break out left 24
Swap 24, 25 with pilot 244
Updated Array: [7 16 48 50 75 101 104 107 115 118 120 123 132 150 153 157 165 171 177 186 190 191 223 225 244 251 253 272 268 260 277 497 464 416 485 332 293 310 392 427 329 423 313 454 361 451 360 523 548 617 660 547 707 661 551 609 524 652 560 554 566 547 754 550 543 783 871 932 950 892 967 860 798 901 904 817 815 848 945 870 960 843 956 973 931 994 900 826 871 985 890 807 822 828 851 837 840 853 982 957]
return: 24
left 27 right 29 pivot 260Break out left 27
Swap 27, 29 with pilot 260
Updated Array: [7 16 48 50 75 101 104 107 115 118 120 123 132 150 153 157 165 171 177 186 190 191 223 225 244 251 253 260 268 272 277 497 464 416 485 332 293 310 392 427 329 423 313 454 361 451 360 523 548 617 660 547 707 661 551 609 524 652 560 554 566 547 754 550 543 783 871 932 950 892 967 860 798 901 904 817 815 848 945 870 960 843 956 973 931 994 900 826 871 985 890 807 822 828 851 837 840 853 982 957]
return: 27
left 28 right 29 pivot 272Break out left 29
Swap 29, 29 with pilot 272
Updated Array: [7 16 48 50 75 101 104 107 115 118 120 123 132 150 153 157 165 171 177 186 190 191 223 225 244 251 253 260 268 272 277 497 464 416 485 332 293 310 392 427 329 423 313 454 361 451 360 523 548 617 660 547 707 661 551 609 524 652 560 554 566 547 754 550 543 783 871 932 950 892 967 860 798 901 904 817 815 848 945 870 960 843 956 973 931 994 900 826 871 985 890 807 822 828 851 837 840 853 982 957]
return: 29
left 31 right 46 pivot 360Swap Here 31:313, 42:497 with pilot 360
Updated Array: [7 16 48 50 75 101 104 107 115 118 120 123 132 150 153 157 165 171 177 186 190 191 223 225 244 251 253 260 268 272 277 313 464 416 485 332 293 310 392 427 329 423 497 454 361 451 360 523 548 617 660 547 707 661 551 609 524 652 560 554 566 547 754 550 543 783 871 932 950 892 967 860 798 901 904 817 815 848 945 870 960 843 956 973 931 994 900 826 871 985 890 807 822 828 851 837 840 853 982 957]
Swap Here 32:329, 40:464 with pilot 360
Updated Array: [7 16 48 50 75 101 104 107 115 118 120 123 132 150 153 157 165 171 177 186 190 191 223 225 244 251 253 260 268 272 277 313 329 416 485 332 293 310 392 427 464 423 497 454 361 451 360 523 548 617 660 547 707 661 551 609 524 652 560 554 566 547 754 550 543 783 871 932 950 892 967 860 798 901 904 817 815 848 945 870 960 843 956 973 931 994 900 826 871 985 890 807 822 828 851 837 840 853 982 957]
Swap Here 33:310, 37:416 with pilot 360
Updated Array: [7 16 48 50 75 101 104 107 115 118 120 123 132 150 153 157 165 171 177 186 190 191 223 225 244 251 253 260 268 272 277 313 329 310 485 332 293 416 392 427 464 423 497 454 361 451 360 523 548 617 660 547 707 661 551 609 524 652 560 554 566 547 754 550 543 783 871 932 950 892 967 860 798 901 904 817 815 848 945 870 960 843 956 973 931 994 900 826 871 985 890 807 822 828 851 837 840 853 982 957]
Swap Here 34:293, 36:485 with pilot 360
Updated Array: [7 16 48 50 75 101 104 107 115 118 120 123 132 150 153 157 165 171 177 186 190 191 223 225 244 251 253 260 268 272 277 313 329 310 293 332 485 416 392 427 464 423 497 454 361 451 360 523 548 617 660 547 707 661 551 609 524 652 560 554 566 547 754 550 543 783 871 932 950 892 967 860 798 901 904 817 815 848 945 870 960 843 956 973 931 994 900 826 871 985 890 807 822 828 851 837 840 853 982 957]
Break out left 36
Swap 36, 46 with pilot 360
Updated Array: [7 16 48 50 75 101 104 107 115 118 120 123 132 150 153 157 165 171 177 186 190 191 223 225 244 251 253 260 268 272 277 313 329 310 293 332 360 416 392 427 464 423 497 454 361 451 485 523 548 617 660 547 707 661 551 609 524 652 560 554 566 547 754 550 543 783 871 932 950 892 967 860 798 901 904 817 815 848 945 870 960 843 956 973 931 994 900 826 871 985 890 807 822 828 851 837 840 853 982 957]
return: 36
left 31 right 35 pivot 332Break out left 35
Swap 35, 35 with pilot 332
Updated Array: [7 16 48 50 75 101 104 107 115 118 120 123 132 150 153 157 165 171 177 186 190 191 223 225 244 251 253 260 268 272 277 313 329 310 293 332 360 416 392 427 464 423 497 454 361 451 485 523 548 617 660 547 707 661 551 609 524 652 560 554 566 547 754 550 543 783 871 932 950 892 967 860 798 901 904 817 815 848 945 870 960 843 956 973 931 994 900 826 871 985 890 807 822 828 851 837 840 853 982 957]
return: 35
left 31 right 34 pivot 293Break out left 31
Swap 31, 34 with pilot 293
Updated Array: [7 16 48 50 75 101 104 107 115 118 120 123 132 150 153 157 165 171 177 186 190 191 223 225 244 251 253 260 268 272 277 293 329 310 313 332 360 416 392 427 464 423 497 454 361 451 485 523 548 617 660 547 707 661 551 609 524 652 560 554 566 547 754 550 543 783 871 932 950 892 967 860 798 901 904 817 815 848 945 870 960 843 956 973 931 994 900 826 871 985 890 807 822 828 851 837 840 853 982 957]
return: 31
left 32 right 34 pivot 313Swap Here 32:310, 33:329 with pilot 313
Updated Array: [7 16 48 50 75 101 104 107 115 118 120 123 132 150 153 157 165 171 177 186 190 191 223 225 244 251 253 260 268 272 277 293 310 329 313 332 360 416 392 427 464 423 497 454 361 451 485 523 548 617 660 547 707 661 551 609 524 652 560 554 566 547 754 550 543 783 871 932 950 892 967 860 798 901 904 817 815 848 945 870 960 843 956 973 931 994 900 826 871 985 890 807 822 828 851 837 840 853 982 957]
Break out left 33
Swap 33, 34 with pilot 313
Updated Array: [7 16 48 50 75 101 104 107 115 118 120 123 132 150 153 157 165 171 177 186 190 191 223 225 244 251 253 260 268 272 277 293 310 313 329 332 360 416 392 427 464 423 497 454 361 451 485 523 548 617 660 547 707 661 551 609 524 652 560 554 566 547 754 550 543 783 871 932 950 892 967 860 798 901 904 817 815 848 945 870 960 843 956 973 931 994 900 826 871 985 890 807 822 828 851 837 840 853 982 957]
return: 33
left 37 right 46 pivot 485Swap Here 42:451, 45:497 with pilot 485
Updated Array: [7 16 48 50 75 101 104 107 115 118 120 123 132 150 153 157 165 171 177 186 190 191 223 225 244 251 253 260 268 272 277 293 310 313 329 332 360 416 392 427 464 423 451 454 361 497 485 523 548 617 660 547 707 661 551 609 524 652 560 554 566 547 754 550 543 783 871 932 950 892 967 860 798 901 904 817 815 848 945 870 960 843 956 973 931 994 900 826 871 985 890 807 822 828 851 837 840 853 982 957]
Break out left 45
Swap 45, 46 with pilot 485
Updated Array: [7 16 48 50 75 101 104 107 115 118 120 123 132 150 153 157 165 171 177 186 190 191 223 225 244 251 253 260 268 272 277 293 310 313 329 332 360 416 392 427 464 423 451 454 361 485 497 523 548 617 660 547 707 661 551 609 524 652 560 554 566 547 754 550 543 783 871 932 950 892 967 860 798 901 904 817 815 848 945 870 960 843 956 973 931 994 900 826 871 985 890 807 822 828 851 837 840 853 982 957]
return: 45
left 37 right 44 pivot 361Break out left 37
Swap 37, 44 with pilot 361
Updated Array: [7 16 48 50 75 101 104 107 115 118 120 123 132 150 153 157 165 171 177 186 190 191 223 225 244 251 253 260 268 272 277 293 310 313 329 332 360 361 392 427 464 423 451 454 416 485 497 523 548 617 660 547 707 661 551 609 524 652 560 554 566 547 754 550 543 783 871 932 950 892 967 860 798 901 904 817 815 848 945 870 960 843 956 973 931 994 900 826 871 985 890 807 822 828 851 837 840 853 982 957]
return: 37
left 38 right 44 pivot 416Break out left 39
Swap 39, 44 with pilot 416
Updated Array: [7 16 48 50 75 101 104 107 115 118 120 123 132 150 153 157 165 171 177 186 190 191 223 225 244 251 253 260 268 272 277 293 310 313 329 332 360 361 392 416 464 423 451 454 427 485 497 523 548 617 660 547 707 661 551 609 524 652 560 554 566 547 754 550 543 783 871 932 950 892 967 860 798 901 904 817 815 848 945 870 960 843 956 973 931 994 900 826 871 985 890 807 822 828 851 837 840 853 982 957]
return: 39
left 40 right 44 pivot 427Swap Here 40:423, 41:464 with pilot 427
Updated Array: [7 16 48 50 75 101 104 107 115 118 120 123 132 150 153 157 165 171 177 186 190 191 223 225 244 251 253 260 268 272 277 293 310 313 329 332 360 361 392 416 423 464 451 454 427 485 497 523 548 617 660 547 707 661 551 609 524 652 560 554 566 547 754 550 543 783 871 932 950 892 967 860 798 901 904 817 815 848 945 870 960 843 956 973 931 994 900 826 871 985 890 807 822 828 851 837 840 853 982 957]
Break out left 41
Swap 41, 44 with pilot 427
Updated Array: [7 16 48 50 75 101 104 107 115 118 120 123 132 150 153 157 165 171 177 186 190 191 223 225 244 251 253 260 268 272 277 293 310 313 329 332 360 361 392 416 423 427 451 454 464 485 497 523 548 617 660 547 707 661 551 609 524 652 560 554 566 547 754 550 543 783 871 932 950 892 967 860 798 901 904 817 815 848 945 870 960 843 956 973 931 994 900 826 871 985 890 807 822 828 851 837 840 853 982 957]
return: 41
left 42 right 44 pivot 464Break out left 44
Swap 44, 44 with pilot 464
Updated Array: [7 16 48 50 75 101 104 107 115 118 120 123 132 150 153 157 165 171 177 186 190 191 223 225 244 251 253 260 268 272 277 293 310 313 329 332 360 361 392 416 423 427 451 454 464 485 497 523 548 617 660 547 707 661 551 609 524 652 560 554 566 547 754 550 543 783 871 932 950 892 967 860 798 901 904 817 815 848 945 870 960 843 956 973 931 994 900 826 871 985 890 807 822 828 851 837 840 853 982 957]
return: 44
left 42 right 43 pivot 454Break out left 43
Swap 43, 43 with pilot 454
Updated Array: [7 16 48 50 75 101 104 107 115 118 120 123 132 150 153 157 165 171 177 186 190 191 223 225 244 251 253 260 268 272 277 293 310 313 329 332 360 361 392 416 423 427 451 454 464 485 497 523 548 617 660 547 707 661 551 609 524 652 560 554 566 547 754 550 543 783 871 932 950 892 967 860 798 901 904 817 815 848 945 870 960 843 956 973 931 994 900 826 871 985 890 807 822 828 851 837 840 853 982 957]
return: 43
left 48 right 64 pivot 543Swap Here 48:524, 56:548 with pilot 543
Updated Array: [7 16 48 50 75 101 104 107 115 118 120 123 132 150 153 157 165 171 177 186 190 191 223 225 244 251 253 260 268 272 277 293 310 313 329 332 360 361 392 416 423 427 451 454 464 485 497 523 524 617 660 547 707 661 551 609 548 652 560 554 566 547 754 550 543 783 871 932 950 892 967 860 798 901 904 817 815 848 945 870 960 843 956 973 931 994 900 826 871 985 890 807 822 828 851 837 840 853 982 957]
Break out left 49
Swap 49, 64 with pilot 543
Updated Array: [7 16 48 50 75 101 104 107 115 118 120 123 132 150 153 157 165 171 177 186 190 191 223 225 244 251 253 260 268 272 277 293 310 313 329 332 360 361 392 416 423 427 451 454 464 485 497 523 524 543 660 547 707 661 551 609 548 652 560 554 566 547 754 550 617 783 871 932 950 892 967 860 798 901 904 817 815 848 945 870 960 843 956 973 931 994 900 826 871 985 890 807 822 828 851 837 840 853 982 957]
return: 49
left 50 right 64 pivot 617Swap Here 50:550, 63:660 with pilot 617
Updated Array: [7 16 48 50 75 101 104 107 115 118 120 123 132 150 153 157 165 171 177 186 190 191 223 225 244 251 253 260 268 272 277 293 310 313 329 332 360 361 392 416 423 427 451 454 464 485 497 523 524 543 550 547 707 661 551 609 548 652 560 554 566 547 754 660 617 783 871 932 950 892 967 860 798 901 904 817 815 848 945 870 960 843 956 973 931 994 900 826 871 985 890 807 822 828 851 837 840 853 982 957]
Swap Here 52:547, 61:707 with pilot 617
Updated Array: [7 16 48 50 75 101 104 107 115 118 120 123 132 150 153 157 165 171 177 186 190 191 223 225 244 251 253 260 268 272 277 293 310 313 329 332 360 361 392 416 423 427 451 454 464 485 497 523 524 543 550 547 547 661 551 609 548 652 560 554 566 707 754 660 617 783 871 932 950 892 967 860 798 901 904 817 815 848 945 870 960 843 956 973 931 994 900 826 871 985 890 807 822 828 851 837 840 853 982 957]
Swap Here 53:566, 60:661 with pilot 617
Updated Array: [7 16 48 50 75 101 104 107 115 118 120 123 132 150 153 157 165 171 177 186 190 191 223 225 244 251 253 260 268 272 277 293 310 313 329 332 360 361 392 416 423 427 451 454 464 485 497 523 524 543 550 547 547 566 551 609 548 652 560 554 661 707 754 660 617 783 871 932 950 892 967 860 798 901 904 817 815 848 945 870 960 843 956 973 931 994 900 826 871 985 890 807 822 828 851 837 840 853 982 957]
Swap Here 57:554, 59:652 with pilot 617
Updated Array: [7 16 48 50 75 101 104 107 115 118 120 123 132 150 153 157 165 171 177 186 190 191 223 225 244 251 253 260 268 272 277 293 310 313 329 332 360 361 392 416 423 427 451 454 464 485 497 523 524 543 550 547 547 566 551 609 548 554 560 652 661 707 754 660 617 783 871 932 950 892 967 860 798 901 904 817 815 848 945 870 960 843 956 973 931 994 900 826 871 985 890 807 822 828 851 837 840 853 982 957]
Break out left 59
Swap 59, 64 with pilot 617
Updated Array: [7 16 48 50 75 101 104 107 115 118 120 123 132 150 153 157 165 171 177 186 190 191 223 225 244 251 253 260 268 272 277 293 310 313 329 332 360 361 392 416 423 427 451 454 464 485 497 523 524 543 550 547 547 566 551 609 548 554 560 617 661 707 754 660 652 783 871 932 950 892 967 860 798 901 904 817 815 848 945 870 960 843 956 973 931 994 900 826 871 985 890 807 822 828 851 837 840 853 982 957]
return: 59
left 50 right 58 pivot 560Swap Here 53:554, 57:566 with pilot 560
Updated Array: [7 16 48 50 75 101 104 107 115 118 120 123 132 150 153 157 165 171 177 186 190 191 223 225 244 251 253 260 268 272 277 293 310 313 329 332 360 361 392 416 423 427 451 454 464 485 497 523 524 543 550 547 547 554 551 609 548 566 560 617 661 707 754 660 652 783 871 932 950 892 967 860 798 901 904 817 815 848 945 870 960 843 956 973 931 994 900 826 871 985 890 807 822 828 851 837 840 853 982 957]
Swap Here 55:548, 56:609 with pilot 560
Updated Array: [7 16 48 50 75 101 104 107 115 118 120 123 132 150 153 157 165 171 177 186 190 191 223 225 244 251 253 260 268 272 277 293 310 313 329 332 360 361 392 416 423 427 451 454 464 485 497 523 524 543 550 547 547 554 551 548 609 566 560 617 661 707 754 660 652 783 871 932 950 892 967 860 798 901 904 817 815 848 945 870 960 843 956 973 931 994 900 826 871 985 890 807 822 828 851 837 840 853 982 957]
Break out left 56
Swap 56, 58 with pilot 560
Updated Array: [7 16 48 50 75 101 104 107 115 118 120 123 132 150 153 157 165 171 177 186 190 191 223 225 244 251 253 260 268 272 277 293 310 313 329 332 360 361 392 416 423 427 451 454 464 485 497 523 524 543 550 547 547 554 551 548 560 566 609 617 661 707 754 660 652 783 871 932 950 892 967 860 798 901 904 817 815 848 945 870 960 843 956 973 931 994 900 826 871 985 890 807 822 828 851 837 840 853 982 957]
return: 56
left 50 right 55 pivot 548Swap Here 50:547, 52:550 with pilot 548
Updated Array: [7 16 48 50 75 101 104 107 115 118 120 123 132 150 153 157 165 171 177 186 190 191 223 225 244 251 253 260 268 272 277 293 310 313 329 332 360 361 392 416 423 427 451 454 464 485 497 523 524 543 547 547 550 554 551 548 560 566 609 617 661 707 754 660 652 783 871 932 950 892 967 860 798 901 904 817 815 848 945 870 960 843 956 973 931 994 900 826 871 985 890 807 822 828 851 837 840 853 982 957]
Break out left 52
Swap 52, 55 with pilot 548
Updated Array: [7 16 48 50 75 101 104 107 115 118 120 123 132 150 153 157 165 171 177 186 190 191 223 225 244 251 253 260 268 272 277 293 310 313 329 332 360 361 392 416 423 427 451 454 464 485 497 523 524 543 547 547 548 554 551 550 560 566 609 617 661 707 754 660 652 783 871 932 950 892 967 860 798 901 904 817 815 848 945 870 960 843 956 973 931 994 900 826 871 985 890 807 822 828 851 837 840 853 982 957]
return: 52
left 50 right 51 pivot 547Break out left 50
Swap 50, 51 with pilot 547
Updated Array: [7 16 48 50 75 101 104 107 115 118 120 123 132 150 153 157 165 171 177 186 190 191 223 225 244 251 253 260 268 272 277 293 310 313 329 332 360 361 392 416 423 427 451 454 464 485 497 523 524 543 547 547 548 554 551 550 560 566 609 617 661 707 754 660 652 783 871 932 950 892 967 860 798 901 904 817 815 848 945 870 960 843 956 973 931 994 900 826 871 985 890 807 822 828 851 837 840 853 982 957]
return: 50
left 53 right 55 pivot 550Break out left 53
Swap 53, 55 with pilot 550
Updated Array: [7 16 48 50 75 101 104 107 115 118 120 123 132 150 153 157 165 171 177 186 190 191 223 225 244 251 253 260 268 272 277 293 310 313 329 332 360 361 392 416 423 427 451 454 464 485 497 523 524 543 547 547 548 550 551 554 560 566 609 617 661 707 754 660 652 783 871 932 950 892 967 860 798 901 904 817 815 848 945 870 960 843 956 973 931 994 900 826 871 985 890 807 822 828 851 837 840 853 982 957]
return: 53
left 54 right 55 pivot 554Break out left 55
Swap 55, 55 with pilot 554
Updated Array: [7 16 48 50 75 101 104 107 115 118 120 123 132 150 153 157 165 171 177 186 190 191 223 225 244 251 253 260 268 272 277 293 310 313 329 332 360 361 392 416 423 427 451 454 464 485 497 523 524 543 547 547 548 550 551 554 560 566 609 617 661 707 754 660 652 783 871 932 950 892 967 860 798 901 904 817 815 848 945 870 960 843 956 973 931 994 900 826 871 985 890 807 822 828 851 837 840 853 982 957]
return: 55
left 57 right 58 pivot 609Break out left 58
Swap 58, 58 with pilot 609
Updated Array: [7 16 48 50 75 101 104 107 115 118 120 123 132 150 153 157 165 171 177 186 190 191 223 225 244 251 253 260 268 272 277 293 310 313 329 332 360 361 392 416 423 427 451 454 464 485 497 523 524 543 547 547 548 550 551 554 560 566 609 617 661 707 754 660 652 783 871 932 950 892 967 860 798 901 904 817 815 848 945 870 960 843 956 973 931 994 900 826 871 985 890 807 822 828 851 837 840 853 982 957]
return: 58
left 60 right 64 pivot 652Break out left 60
Swap 60, 64 with pilot 652
Updated Array: [7 16 48 50 75 101 104 107 115 118 120 123 132 150 153 157 165 171 177 186 190 191 223 225 244 251 253 260 268 272 277 293 310 313 329 332 360 361 392 416 423 427 451 454 464 485 497 523 524 543 547 547 548 550 551 554 560 566 609 617 652 707 754 660 661 783 871 932 950 892 967 860 798 901 904 817 815 848 945 870 960 843 956 973 931 994 900 826 871 985 890 807 822 828 851 837 840 853 982 957]
return: 60
left 61 right 64 pivot 661Swap Here 61:660, 63:707 with pilot 661
Updated Array: [7 16 48 50 75 101 104 107 115 118 120 123 132 150 153 157 165 171 177 186 190 191 223 225 244 251 253 260 268 272 277 293 310 313 329 332 360 361 392 416 423 427 451 454 464 485 497 523 524 543 547 547 548 550 551 554 560 566 609 617 652 660 754 707 661 783 871 932 950 892 967 860 798 901 904 817 815 848 945 870 960 843 956 973 931 994 900 826 871 985 890 807 822 828 851 837 840 853 982 957]
Break out left 62
Swap 62, 64 with pilot 661
Updated Array: [7 16 48 50 75 101 104 107 115 118 120 123 132 150 153 157 165 171 177 186 190 191 223 225 244 251 253 260 268 272 277 293 310 313 329 332 360 361 392 416 423 427 451 454 464 485 497 523 524 543 547 547 548 550 551 554 560 566 609 617 652 660 661 707 754 783 871 932 950 892 967 860 798 901 904 817 815 848 945 870 960 843 956 973 931 994 900 826 871 985 890 807 822 828 851 837 840 853 982 957]
return: 62
left 63 right 64 pivot 754Break out left 64
Swap 64, 64 with pilot 754
Updated Array: [7 16 48 50 75 101 104 107 115 118 120 123 132 150 153 157 165 171 177 186 190 191 223 225 244 251 253 260 268 272 277 293 310 313 329 332 360 361 392 416 423 427 451 454 464 485 497 523 524 543 547 547 548 550 551 554 560 566 609 617 652 660 661 707 754 783 871 932 950 892 967 860 798 901 904 817 815 848 945 870 960 843 956 973 931 994 900 826 871 985 890 807 822 828 851 837 840 853 982 957]
return: 64
left 66 right 99 pivot 957Swap Here 70:853, 97:967 with pilot 957
Updated Array: [7 16 48 50 75 101 104 107 115 118 120 123 132 150 153 157 165 171 177 186 190 191 223 225 244 251 253 260 268 272 277 293 310 313 329 332 360 361 392 416 423 427 451 454 464 485 497 523 524 543 547 547 548 550 551 554 560 566 609 617 652 660 661 707 754 783 871 932 950 892 853 860 798 901 904 817 815 848 945 870 960 843 956 973 931 994 900 826 871 985 890 807 822 828 851 837 840 967 982 957]
Swap Here 80:840, 96:960 with pilot 957
Updated Array: [7 16 48 50 75 101 104 107 115 118 120 123 132 150 153 157 165 171 177 186 190 191 223 225 244 251 253 260 268 272 277 293 310 313 329 332 360 361 392 416 423 427 451 454 464 485 497 523 524 543 547 547 548 550 551 554 560 566 609 617 652 660 661 707 754 783 871 932 950 892 853 860 798 901 904 817 815 848 945 870 840 843 956 973 931 994 900 826 871 985 890 807 822 828 851 837 960 967 982 957]
Swap Here 83:837, 95:973 with pilot 957
Updated Array: [7 16 48 50 75 101 104 107 115 118 120 123 132 150 153 157 165 171 177 186 190 191 223 225 244 251 253 260 268 272 277 293 310 313 329 332 360 361 392 416 423 427 451 454 464 485 497 523 524 543 547 547 548 550 551 554 560 566 609 617 652 660 661 707 754 783 871 932 950 892 853 860 798 901 904 817 815 848 945 870 840 843 956 837 931 994 900 826 871 985 890 807 822 828 851 973 960 967 982 957]
Swap Here 85:851, 94:994 with pilot 957
Updated Array: [7 16 48 50 75 101 104 107 115 118 120 123 132 150 153 157 165 171 177 186 190 191 223 225 244 251 253 260 268 272 277 293 310 313 329 332 360 361 392 416 423 427 451 454 464 485 497 523 524 543 547 547 548 550 551 554 560 566 609 617 652 660 661 707 754 783 871 932 950 892 853 860 798 901 904 817 815 848 945 870 840 843 956 837 931 851 900 826 871 985 890 807 822 828 994 973 960 967 982 957]
Swap Here 89:828, 93:985 with pilot 957
Updated Array: [7 16 48 50 75 101 104 107 115 118 120 123 132 150 153 157 165 171 177 186 190 191 223 225 244 251 253 260 268 272 277 293 310 313 329 332 360 361 392 416 423 427 451 454 464 485 497 523 524 543 547 547 548 550 551 554 560 566 609 617 652 660 661 707 754 783 871 932 950 892 853 860 798 901 904 817 815 848 945 870 840 843 956 837 931 851 900 826 871 828 890 807 822 985 994 973 960 967 982 957]
Break out left 93
Swap 93, 99 with pilot 957
Updated Array: [7 16 48 50 75 101 104 107 115 118 120 123 132 150 153 157 165 171 177 186 190 191 223 225 244 251 253 260 268 272 277 293 310 313 329 332 360 361 392 416 423 427 451 454 464 485 497 523 524 543 547 547 548 550 551 554 560 566 609 617 652 660 661 707 754 783 871 932 950 892 853 860 798 901 904 817 815 848 945 870 840 843 956 837 931 851 900 826 871 828 890 807 822 957 994 973 960 967 982 985]
return: 93
left 66 right 92 pivot 822Swap Here 66:807, 91:871 with pilot 822
Updated Array: [7 16 48 50 75 101 104 107 115 118 120 123 132 150 153 157 165 171 177 186 190 191 223 225 244 251 253 260 268 272 277 293 310 313 329 332 360 361 392 416 423 427 451 454 464 485 497 523 524 543 547 547 548 550 551 554 560 566 609 617 652 660 661 707 754 783 807 932 950 892 853 860 798 901 904 817 815 848 945 870 840 843 956 837 931 851 900 826 871 828 890 871 822 957 994 973 960 967 982 985]
Swap Here 67:815, 76:932 with pilot 822
Updated Array: [7 16 48 50 75 101 104 107 115 118 120 123 132 150 153 157 165 171 177 186 190 191 223 225 244 251 253 260 268 272 277 293 310 313 329 332 360 361 392 416 423 427 451 454 464 485 497 523 524 543 547 547 548 550 551 554 560 566 609 617 652 660 661 707 754 783 807 815 950 892 853 860 798 901 904 817 932 848 945 870 840 843 956 837 931 851 900 826 871 828 890 871 822 957 994 973 960 967 982 985]
Swap Here 68:817, 75:950 with pilot 822
Updated Array: [7 16 48 50 75 101 104 107 115 118 120 123 132 150 153 157 165 171 177 186 190 191 223 225 244 251 253 260 268 272 277 293 310 313 329 332 360 361 392 416 423 427 451 454 464 485 497 523 524 543 547 547 548 550 551 554 560 566 609 617 652 660 661 707 754 783 807 815 817 892 853 860 798 901 904 950 932 848 945 870 840 843 956 837 931 851 900 826 871 828 890 871 822 957 994 973 960 967 982 985]
Swap Here 69:798, 72:892 with pilot 822
Updated Array: [7 16 48 50 75 101 104 107 115 118 120 123 132 150 153 157 165 171 177 186 190 191 223 225 244 251 253 260 268 272 277 293 310 313 329 332 360 361 392 416 423 427 451 454 464 485 497 523 524 543 547 547 548 550 551 554 560 566 609 617 652 660 661 707 754 783 807 815 817 798 853 860 892 901 904 950 932 848 945 870 840 843 956 837 931 851 900 826 871 828 890 871 822 957 994 973 960 967 982 985]
Break out left 70
Swap 70, 92 with pilot 822
Updated Array: [7 16 48 50 75 101 104 107 115 118 120 123 132 150 153 157 165 171 177 186 190 191 223 225 244 251 253 260 268 272 277 293 310 313 329 332 360 361 392 416 423 427 451 454 464 485 497 523 524 543 547 547 548 550 551 554 560 566 609 617 652 660 661 707 754 783 807 815 817 798 822 860 892 901 904 950 932 848 945 870 840 843 956 837 931 851 900 826 871 828 890 871 853 957 994 973 960 967 982 985]
return: 70
left 66 right 69 pivot 798Break out left 66
Swap 66, 69 with pilot 798
Updated Array: [7 16 48 50 75 101 104 107 115 118 120 123 132 150 153 157 165 171 177 186 190 191 223 225 244 251 253 260 268 272 277 293 310 313 329 332 360 361 392 416 423 427 451 454 464 485 497 523 524 543 547 547 548 550 551 554 560 566 609 617 652 660 661 707 754 783 798 815 817 807 822 860 892 901 904 950 932 848 945 870 840 843 956 837 931 851 900 826 871 828 890 871 853 957 994 973 960 967 982 985]
return: 66
left 67 right 69 pivot 807Break out left 67
Swap 67, 69 with pilot 807
Updated Array: [7 16 48 50 75 101 104 107 115 118 120 123 132 150 153 157 165 171 177 186 190 191 223 225 244 251 253 260 268 272 277 293 310 313 329 332 360 361 392 416 423 427 451 454 464 485 497 523 524 543 547 547 548 550 551 554 560 566 609 617 652 660 661 707 754 783 798 807 817 815 822 860 892 901 904 950 932 848 945 870 840 843 956 837 931 851 900 826 871 828 890 871 853 957 994 973 960 967 982 985]
return: 67
left 68 right 69 pivot 815Break out left 68
Swap 68, 69 with pilot 815
Updated Array: [7 16 48 50 75 101 104 107 115 118 120 123 132 150 153 157 165 171 177 186 190 191 223 225 244 251 253 260 268 272 277 293 310 313 329 332 360 361 392 416 423 427 451 454 464 485 497 523 524 543 547 547 548 550 551 554 560 566 609 617 652 660 661 707 754 783 798 807 815 817 822 860 892 901 904 950 932 848 945 870 840 843 956 837 931 851 900 826 871 828 890 871 853 957 994 973 960 967 982 985]
return: 68
left 71 right 92 pivot 853Swap Here 71:828, 89:860 with pilot 853
Updated Array: [7 16 48 50 75 101 104 107 115 118 120 123 132 150 153 157 165 171 177 186 190 191 223 225 244 251 253 260 268 272 277 293 310 313 329 332 360 361 392 416 423 427 451 454 464 485 497 523 524 543 547 547 548 550 551 554 560 566 609 617 652 660 661 707 754 783 798 807 815 817 822 828 892 901 904 950 932 848 945 870 840 843 956 837 931 851 900 826 871 860 890 871 853 957 994 973 960 967 982 985]
Swap Here 72:826, 87:892 with pilot 853
Updated Array: [7 16 48 50 75 101 104 107 115 118 120 123 132 150 153 157 165 171 177 186 190 191 223 225 244 251 253 260 268 272 277 293 310 313 329 332 360 361 392 416 423 427 451 454 464 485 497 523 524 543 547 547 548 550 551 554 560 566 609 617 652 660 661 707 754 783 798 807 815 817 822 828 826 901 904 950 932 848 945 870 840 843 956 837 931 851 900 892 871 860 890 871 853 957 994 973 960 967 982 985]
Swap Here 73:851, 85:901 with pilot 853
Updated Array: [7 16 48 50 75 101 104 107 115 118 120 123 132 150 153 157 165 171 177 186 190 191 223 225 244 251 253 260 268 272 277 293 310 313 329 332 360 361 392 416 423 427 451 454 464 485 497 523 524 543 547 547 548 550 551 554 560 566 609 617 652 660 661 707 754 783 798 807 815 817 822 828 826 851 904 950 932 848 945 870 840 843 956 837 931 901 900 892 871 860 890 871 853 957 994 973 960 967 982 985]
Swap Here 74:837, 83:904 with pilot 853
Updated Array: [7 16 48 50 75 101 104 107 115 118 120 123 132 150 153 157 165 171 177 186 190 191 223 225 244 251 253 260 268 272 277 293 310 313 329 332 360 361 392 416 423 427 451 454 464 485 497 523 524 543 547 547 548 550 551 554 560 566 609 617 652 660 661 707 754 783 798 807 815 817 822 828 826 851 837 950 932 848 945 870 840 843 956 904 931 901 900 892 871 860 890 871 853 957 994 973 960 967 982 985]
Swap Here 75:843, 81:950 with pilot 853
Updated Array: [7 16 48 50 75 101 104 107 115 118 120 123 132 150 153 157 165 171 177 186 190 191 223 225 244 251 253 260 268 272 277 293 310 313 329 332 360 361 392 416 423 427 451 454 464 485 497 523 524 543 547 547 548 550 551 554 560 566 609 617 652 660 661 707 754 783 798 807 815 817 822 828 826 851 837 843 932 848 945 870 840 950 956 904 931 901 900 892 871 860 890 871 853 957 994 973 960 967 982 985]
Swap Here 76:840, 80:932 with pilot 853
Updated Array: [7 16 48 50 75 101 104 107 115 118 120 123 132 150 153 157 165 171 177 186 190 191 223 225 244 251 253 260 268 272 277 293 310 313 329 332 360 361 392 416 423 427 451 454 464 485 497 523 524 543 547 547 548 550 551 554 560 566 609 617 652 660 661 707 754 783 798 807 815 817 822 828 826 851 837 843 840 848 945 870 932 950 956 904 931 901 900 892 871 860 890 871 853 957 994 973 960 967 982 985]
Break out left 78
Swap 78, 92 with pilot 853
Updated Array: [7 16 48 50 75 101 104 107 115 118 120 123 132 150 153 157 165 171 177 186 190 191 223 225 244 251 253 260 268 272 277 293 310 313 329 332 360 361 392 416 423 427 451 454 464 485 497 523 524 543 547 547 548 550 551 554 560 566 609 617 652 660 661 707 754 783 798 807 815 817 822 828 826 851 837 843 840 848 853 870 932 950 956 904 931 901 900 892 871 860 890 871 945 957 994 973 960 967 982 985]
return: 78
left 71 right 77 pivot 848Swap Here 73:840, 76:851 with pilot 848
Updated Array: [7 16 48 50 75 101 104 107 115 118 120 123 132 150 153 157 165 171 177 186 190 191 223 225 244 251 253 260 268 272 277 293 310 313 329 332 360 361 392 416 423 427 451 454 464 485 497 523 524 543 547 547 548 550 551 554 560 566 609 617 652 660 661 707 754 783 798 807 815 817 822 828 826 840 837 843 851 848 853 870 932 950 956 904 931 901 900 892 871 860 890 871 945 957 994 973 960 967 982 985]
Break out left 76
Swap 76, 77 with pilot 848
Updated Array: [7 16 48 50 75 101 104 107 115 118 120 123 132 150 153 157 165 171 177 186 190 191 223 225 244 251 253 260 268 272 277 293 310 313 329 332 360 361 392 416 423 427 451 454 464 485 497 523 524 543 547 547 548 550 551 554 560 566 609 617 652 660 661 707 754 783 798 807 815 817 822 828 826 840 837 843 848 851 853 870 932 950 956 904 931 901 900 892 871 860 890 871 945 957 994 973 960 967 982 985]
return: 76
left 71 right 75 pivot 843Break out left 75
Swap 75, 75 with pilot 843
Updated Array: [7 16 48 50 75 101 104 107 115 118 120 123 132 150 153 157 165 171 177 186 190 191 223 225 244 251 253 260 268 272 277 293 310 313 329 332 360 361 392 416 423 427 451 454 464 485 497 523 524 543 547 547 548 550 551 554 560 566 609 617 652 660 661 707 754 783 798 807 815 817 822 828 826 840 837 843 848 851 853 870 932 950 956 904 931 901 900 892 871 860 890 871 945 957 994 973 960 967 982 985]
return: 75
left 71 right 74 pivot 837Break out left 73
Swap 73, 74 with pilot 837
Updated Array: [7 16 48 50 75 101 104 107 115 118 120 123 132 150 153 157 165 171 177 186 190 191 223 225 244 251 253 260 268 272 277 293 310 313 329 332 360 361 392 416 423 427 451 454 464 485 497 523 524 543 547 547 548 550 551 554 560 566 609 617 652 660 661 707 754 783 798 807 815 817 822 828 826 837 840 843 848 851 853 870 932 950 956 904 931 901 900 892 871 860 890 871 945 957 994 973 960 967 982 985]
return: 73
left 71 right 72 pivot 826Break out left 71
Swap 71, 72 with pilot 826
Updated Array: [7 16 48 50 75 101 104 107 115 118 120 123 132 150 153 157 165 171 177 186 190 191 223 225 244 251 253 260 268 272 277 293 310 313 329 332 360 361 392 416 423 427 451 454 464 485 497 523 524 543 547 547 548 550 551 554 560 566 609 617 652 660 661 707 754 783 798 807 815 817 822 826 828 837 840 843 848 851 853 870 932 950 956 904 931 901 900 892 871 860 890 871 945 957 994 973 960 967 982 985]
return: 71
left 79 right 92 pivot 945Swap Here 81:871, 91:950 with pilot 945
Updated Array: [7 16 48 50 75 101 104 107 115 118 120 123 132 150 153 157 165 171 177 186 190 191 223 225 244 251 253 260 268 272 277 293 310 313 329 332 360 361 392 416 423 427 451 454 464 485 497 523 524 543 547 547 548 550 551 554 560 566 609 617 652 660 661 707 754 783 798 807 815 817 822 826 828 837 840 843 848 851 853 870 932 871 956 904 931 901 900 892 871 860 890 950 945 957 994 973 960 967 982 985]
Swap Here 82:890, 90:956 with pilot 945
Updated Array: [7 16 48 50 75 101 104 107 115 118 120 123 132 150 153 157 165 171 177 186 190 191 223 225 244 251 253 260 268 272 277 293 310 313 329 332 360 361 392 416 423 427 451 454 464 485 497 523 524 543 547 547 548 550 551 554 560 566 609 617 652 660 661 707 754 783 798 807 815 817 822 826 828 837 840 843 848 851 853 870 932 871 890 904 931 901 900 892 871 860 956 950 945 957 994 973 960 967 982 985]
Break out left 90
Swap 90, 92 with pilot 945
Updated Array: [7 16 48 50 75 101 104 107 115 118 120 123 132 150 153 157 165 171 177 186 190 191 223 225 244 251 253 260 268 272 277 293 310 313 329 332 360 361 392 416 423 427 451 454 464 485 497 523 524 543 547 547 548 550 551 554 560 566 609 617 652 660 661 707 754 783 798 807 815 817 822 826 828 837 840 843 848 851 853 870 932 871 890 904 931 901 900 892 871 860 945 950 956 957 994 973 960 967 982 985]
return: 90
left 79 right 89 pivot 860Break out left 79
Swap 79, 89 with pilot 860
Updated Array: [7 16 48 50 75 101 104 107 115 118 120 123 132 150 153 157 165 171 177 186 190 191 223 225 244 251 253 260 268 272 277 293 310 313 329 332 360 361 392 416 423 427 451 454 464 485 497 523 524 543 547 547 548 550 551 554 560 566 609 617 652 660 661 707 754 783 798 807 815 817 822 826 828 837 840 843 848 851 853 860 932 871 890 904 931 901 900 892 871 870 945 950 956 957 994 973 960 967 982 985]
return: 79
left 80 right 89 pivot 870Break out left 80
Swap 80, 89 with pilot 870
Updated Array: [7 16 48 50 75 101 104 107 115 118 120 123 132 150 153 157 165 171 177 186 190 191 223 225 244 251 253 260 268 272 277 293 310 313 329 332 360 361 392 416 423 427 451 454 464 485 497 523 524 543 547 547 548 550 551 554 560 566 609 617 652 660 661 707 754 783 798 807 815 817 822 826 828 837 840 843 848 851 853 860 870 871 890 904 931 901 900 892 871 932 945 950 956 957 994 973 960 967 982 985]
return: 80
left 81 right 89 pivot 932Break out left 89
Swap 89, 89 with pilot 932
Updated Array: [7 16 48 50 75 101 104 107 115 118 120 123 132 150 153 157 165 171 177 186 190 191 223 225 244 251 253 260 268 272 277 293 310 313 329 332 360 361 392 416 423 427 451 454 464 485 497 523 524 543 547 547 548 550 551 554 560 566 609 617 652 660 661 707 754 783 798 807 815 817 822 826 828 837 840 843 848 851 853 860 870 871 890 904 931 901 900 892 871 932 945 950 956 957 994 973 960 967 982 985]
return: 89
left 81 right 88 pivot 871Break out left 81
Swap 81, 88 with pilot 871
Updated Array: [7 16 48 50 75 101 104 107 115 118 120 123 132 150 153 157 165 171 177 186 190 191 223 225 244 251 253 260 268 272 277 293 310 313 329 332 360 361 392 416 423 427 451 454 464 485 497 523 524 543 547 547 548 550 551 554 560 566 609 617 652 660 661 707 754 783 798 807 815 817 822 826 828 837 840 843 848 851 853 860 870 871 890 904 931 901 900 892 871 932 945 950 956 957 994 973 960 967 982 985]
return: 81
left 82 right 88 pivot 871Break out left 82
Swap 82, 88 with pilot 871
Updated Array: [7 16 48 50 75 101 104 107 115 118 120 123 132 150 153 157 165 171 177 186 190 191 223 225 244 251 253 260 268 272 277 293 310 313 329 332 360 361 392 416 423 427 451 454 464 485 497 523 524 543 547 547 548 550 551 554 560 566 609 617 652 660 661 707 754 783 798 807 815 817 822 826 828 837 840 843 848 851 853 860 870 871 871 904 931 901 900 892 890 932 945 950 956 957 994 973 960 967 982 985]
return: 82
left 83 right 88 pivot 890Break out left 83
Swap 83, 88 with pilot 890
Updated Array: [7 16 48 50 75 101 104 107 115 118 120 123 132 150 153 157 165 171 177 186 190 191 223 225 244 251 253 260 268 272 277 293 310 313 329 332 360 361 392 416 423 427 451 454 464 485 497 523 524 543 547 547 548 550 551 554 560 566 609 617 652 660 661 707 754 783 798 807 815 817 822 826 828 837 840 843 848 851 853 860 870 871 871 890 931 901 900 892 904 932 945 950 956 957 994 973 960 967 982 985]
return: 83
left 84 right 88 pivot 904Swap Here 84:892, 87:931 with pilot 904
Updated Array: [7 16 48 50 75 101 104 107 115 118 120 123 132 150 153 157 165 171 177 186 190 191 223 225 244 251 253 260 268 272 277 293 310 313 329 332 360 361 392 416 423 427 451 454 464 485 497 523 524 543 547 547 548 550 551 554 560 566 609 617 652 660 661 707 754 783 798 807 815 817 822 826 828 837 840 843 848 851 853 860 870 871 871 890 892 901 900 931 904 932 945 950 956 957 994 973 960 967 982 985]
Break out left 87
Swap 87, 88 with pilot 904
Updated Array: [7 16 48 50 75 101 104 107 115 118 120 123 132 150 153 157 165 171 177 186 190 191 223 225 244 251 253 260 268 272 277 293 310 313 329 332 360 361 392 416 423 427 451 454 464 485 497 523 524 543 547 547 548 550 551 554 560 566 609 617 652 660 661 707 754 783 798 807 815 817 822 826 828 837 840 843 848 851 853 860 870 871 871 890 892 901 900 904 931 932 945 950 956 957 994 973 960 967 982 985]
return: 87
left 84 right 86 pivot 900Break out left 85
Swap 85, 86 with pilot 900
Updated Array: [7 16 48 50 75 101 104 107 115 118 120 123 132 150 153 157 165 171 177 186 190 191 223 225 244 251 253 260 268 272 277 293 310 313 329 332 360 361 392 416 423 427 451 454 464 485 497 523 524 543 547 547 548 550 551 554 560 566 609 617 652 660 661 707 754 783 798 807 815 817 822 826 828 837 840 843 848 851 853 860 870 871 871 890 892 900 901 904 931 932 945 950 956 957 994 973 960 967 982 985]
return: 85
left 91 right 92 pivot 956Break out left 92
Swap 92, 92 with pilot 956
Updated Array: [7 16 48 50 75 101 104 107 115 118 120 123 132 150 153 157 165 171 177 186 190 191 223 225 244 251 253 260 268 272 277 293 310 313 329 332 360 361 392 416 423 427 451 454 464 485 497 523 524 543 547 547 548 550 551 554 560 566 609 617 652 660 661 707 754 783 798 807 815 817 822 826 828 837 840 843 848 851 853 860 870 871 871 890 892 900 901 904 931 932 945 950 956 957 994 973 960 967 982 985]
return: 92
left 94 right 99 pivot 985Swap Here 94:982, 98:994 with pilot 985
Updated Array: [7 16 48 50 75 101 104 107 115 118 120 123 132 150 153 157 165 171 177 186 190 191 223 225 244 251 253 260 268 272 277 293 310 313 329 332 360 361 392 416 423 427 451 454 464 485 497 523 524 543 547 547 548 550 551 554 560 566 609 617 652 660 661 707 754 783 798 807 815 817 822 826 828 837 840 843 848 851 853 860 870 871 871 890 892 900 901 904 931 932 945 950 956 957 982 973 960 967 994 985]
Break out left 98
Swap 98, 99 with pilot 985
Updated Array: [7 16 48 50 75 101 104 107 115 118 120 123 132 150 153 157 165 171 177 186 190 191 223 225 244 251 253 260 268 272 277 293 310 313 329 332 360 361 392 416 423 427 451 454 464 485 497 523 524 543 547 547 548 550 551 554 560 566 609 617 652 660 661 707 754 783 798 807 815 817 822 826 828 837 840 843 848 851 853 860 870 871 871 890 892 900 901 904 931 932 945 950 956 957 982 973 960 967 985 994]
return: 98
left 94 right 97 pivot 967Swap Here 94:960, 96:982 with pilot 967
Updated Array: [7 16 48 50 75 101 104 107 115 118 120 123 132 150 153 157 165 171 177 186 190 191 223 225 244 251 253 260 268 272 277 293 310 313 329 332 360 361 392 416 423 427 451 454 464 485 497 523 524 543 547 547 548 550 551 554 560 566 609 617 652 660 661 707 754 783 798 807 815 817 822 826 828 837 840 843 848 851 853 860 870 871 871 890 892 900 901 904 931 932 945 950 956 957 960 973 982 967 985 994]
Break out left 95
Swap 95, 97 with pilot 967
Updated Array: [7 16 48 50 75 101 104 107 115 118 120 123 132 150 153 157 165 171 177 186 190 191 223 225 244 251 253 260 268 272 277 293 310 313 329 332 360 361 392 416 423 427 451 454 464 485 497 523 524 543 547 547 548 550 551 554 560 566 609 617 652 660 661 707 754 783 798 807 815 817 822 826 828 837 840 843 848 851 853 860 870 871 871 890 892 900 901 904 931 932 945 950 956 957 960 967 982 973 985 994]
return: 95
left 96 right 97 pivot 973Break out left 96
Swap 96, 97 with pilot 973
Updated Array: [7 16 48 50 75 101 104 107 115 118 120 123 132 150 153 157 165 171 177 186 190 191 223 225 244 251 253 260 268 272 277 293 310 313 329 332 360 361 392 416 423 427 451 454 464 485 497 523 524 543 547 547 548 550 551 554 560 566 609 617 652 660 661 707 754 783 798 807 815 817 822 826 828 837 840 843 848 851 853 860 870 871 871 890 892 900 901 904 931 932 945 950 956 957 960 967 973 982 985 994]
return: 96
After sort: [7 16 48 50 75 101 104 107 115 118 120 123 132 150 153 157 165 171 177 186 190 191 223 225 244 251 253 260 268 272 277 293 310 313 329 332 360 361 392 416 423 427 451 454 464 485 497 523 524 543 547 547 548 550 551 554 560 566 609 617 652 660 661 707 754 783 798 807 815 817 822 826 828 837 840 843 848 851 853 860 870 871 871 890 892 900 901 904 931 932 945 950 956 957 960 967 973 982 985 994]
