0 [0]
0

1 [1]
1

2 [2, 10]
2

3 [3, 11]
4

4 [4, 12, 20, 100]
6

5 [5, 13, 21, 101]
10

6 [6, 14, 22, 30, 102, 110]
14

7 [7, 15, 23, 31, 103, 111]
20

8 [8, 16, 24, 32, 40, 104, 112, 120, 200, 1000]
26

9 [9, 17, 25, 33, 41, 105, 113, 121, 201, 1001]
36

10 [18, 26, 34, 42, 50, 106, 114, 122, 130, 202, 210, 1002, 1010]
46

11 [19, 27, 35, 43, 51, 107, 115, 123, 131, 203, 211, 1003, 1011]
59

12 [28, 36, 44, 52, 60, 108, 116, 124, 132, 140, 204, 212, 220, 300, 1004, 1012, 1020, 1100]
72

13 [29, 37, 45, 53, 61, 109, 117, 125, 133, 141, 205, 213, 221, 301, 1005, 1013, 1021, 1101]
90

14 [38, 46, 54, 62, 70, 118, 126, 134, 142, 150, 206, 214, 222, 230, 302, 310, 1006, 1014, 1022, 1030, 1102, 1110]
108

15 [39, 47, 55, 63, 71, 119, 127, 135, 143, 151, 207, 215, 223, 231, 303, 311, 1007, 1015, 1023, 1031, 1103, 1111]
130

16 [48, 56, 64, 72, 80, 128, 136, 144, 152, 160, 208, 216, 224, 232, 240, 304, 312, 320, 400, 1008, 1016, 1024, 1032, 1040, 1104, 1112, 1120, 1200, 2000, 10000]
152

17 [49, 57, 65, 73, 81, 129, 137, 145, 153, 161, 209, 217, 225, 233, 241, 305, 313, 321, 401, 1009, 1017, 1025, 1033, 1041, 1105, 1113, 1121, 1201, 2001, 10001]
182

18 [58, 66, 74, 82, 90, 138, 146, 154, 162, 170, 218, 226, 234, 242, 250, 306, 314, 322, 330, 402, 410, 1018, 1026, 1034, 1042, 1050, 1106, 1114, 1122, 1130, 1202, 1210, 2002, 2010, 10002, 10010]
212


19 [59, 67, 75, 83, 91, 139, 147, 155, 163, 171, 219, 227, 235, 243, 251, 307, 315, 323, 331, 403, 411, 1019, 1027, 1035, 1043, 1051, 1107, 1115, 1123, 1131, 1203, 1211, 2003, 2011, 10003, 10011]
248

20 [68, 76, 84, 92, 148, 156, 164, 172, 180, 228, 236, 244, 252, 260, 308, 316, 324, 332, 340, 404, 412, 420, 500, 1028, 1036, 1044, 1052, 1060, 1108, 1116, 1124, 1132, 1140, 1204, 1212, 1220, 1300, 2004, 2012, 2020, 2100, 10004, 10012, 10020, 10100]
284


21 [69, 77, 85, 93, 149, 157, 165, 173, 181, 229, 237, 245, 253, 261, 309, 317, 325, 333, 341, 405, 413, 421, 501, 1029, 1037, 1045, 1053, 1061, 1109, 1117, 1125, 1133, 1141, 1205, 1213, 1221, 1301, 2005, 2013, 2021, 2101, 10005, 10013, 10021, 10101]

22 [78, 86, 94, 158, 166, 174, 182, 190, 238, 246, 254, 262, 270, 318, 326, 334, 342, 350, 406, 414, 422, 430, 502, 510, 1038, 1046, 1054, 1062, 1070, 1118, 1126, 1134, 1142, 1150, 1206, 1214, 1222, 1230, 1302, 1310, 2006, 2014, 2022, 2030, 2102, 2110, 10006, 10014, 10022, 10030, 10102, 10110]
23 [79, 87, 95, 159, 167, 175, 183, 191, 239, 247, 255, 263, 271, 319, 327, 335, 343, 351, 407, 415, 423, 431, 503, 511, 1039, 1047, 1055, 1063, 1071, 1119, 1127, 1135, 1143, 1151, 1207, 1215, 1223, 1231, 1303, 1311, 2007, 2015, 2023, 2031, 2103, 2111, 10007, 10015, 10023, 10031, 10103, 10111]

24 [88, 96, 168, 176, 184, 192, 248, 256, 264, 272, 280, 328, 336, 344, 352, 360, 408, 416, 424, 432, 440, 504, 512, 520, 600, 1048, 1056, 1064, 1072, 1080, 1128, 1136, 1144, 1152, 1160, 1208, 1216, 1224, 1232, 1240, 1304, 1312, 1320, 1400, 2008, 2016, 2024, 2032, 2040, 2104, 2112, 2120, 2200, 3000, 10008, 10016, 10024, 10032, 10040, 10104, 10112, 10120, 10200, 11000]

25 [89, 97, 169, 177, 185, 193, 249, 257, 265, 273, 281, 329, 337, 345, 353, 361, 409, 417, 425, 433, 441, 505, 513, 521, 601, 1049, 1057, 1065, 1073, 1081, 1129, 1137, 1145, 1153, 1161, 1209, 1217, 1225, 1233, 1241, 1305, 1313, 1321, 1401, 2009, 2017, 2025, 2033, 2041, 2105, 2113, 2121, 2201, 3001, 10009, 10017, 10025, 10033, 10041, 10105, 10113, 10121, 10201, 11001]

26 [98, 178, 186, 194, 258, 266, 274, 282, 290, 338, 346, 354, 362, 370, 418, 426, 434, 442, 450, 506, 514, 522, 530, 602, 610, 1058, 1066, 1074, 1082, 1090, 1138, 1146, 1154, 1162, 1170, 1218, 1226, 1234, 1242, 1250, 1306, 1314, 1322, 1330, 1402, 1410, 2018, 2026, 2034, 2042, 2050, 2106, 2114, 2122, 2130, 2202, 2210, 3002, 3010, 10018, 10026, 10034, 10042, 10050, 10106, 10114, 10122, 10130, 10202, 10210, 11002, 11010]

27 [99, 179, 187, 195, 259, 267, 275, 283, 291, 339, 347, 355, 363, 371, 419, 427, 435, 443, 451, 507, 515, 523, 531, 603, 611, 1059, 1067, 1075, 1083, 1091, 1139, 1147, 1155, 1163, 1171, 1219, 1227, 1235, 1243, 1251, 1307, 1315, 1323, 1331, 1403, 1411, 2019, 2027, 2035, 2043, 2051, 2107, 2115, 2123, 2131, 2203, 2211, 3003, 3011, 10019, 10027, 10035, 10043, 10051, 10107, 10115, 10123, 10131, 10203, 10211, 11003, 11011]


28 [188, 196, 268, 276, 284, 292, 348, 356, 364, 372, 380, 428, 436, 444, 452, 460, 508, 516, 524, 532, 540, 604, 612, 620, 700, 1068, 1076, 1084, 1092, 1148, 1156, 1164, 1172, 1180, 1228, 1236, 1244, 1252, 1260, 1308, 1316, 1324, 1332, 1340, 1404, 1412, 1420, 1500, 2028, 2036, 2044, 2052, 2060, 2108, 2116, 2124, 2132, 2140, 2204, 2212, 2220, 2300, 3004, 3012, 3020, 3100, 10028, 10036, 10044, 10052, 10060, 10108, 10116, 10124, 10132, 10140, 10204, 10212, 10220, 10300, 11004, 11012, 11020, 11100]

29 [189, 197, 269, 277, 285, 293, 349, 357, 365, 373, 381, 429, 437, 445, 453, 461, 509, 517, 525, 533, 541, 605, 613, 621, 701, 1069, 1077, 1085, 1093, 1149, 1157, 1165, 1173, 1181, 1229, 1237, 1245, 1253, 1261, 1309, 1317, 1325, 1333, 1341, 1405, 1413, 1421, 1501, 2029, 2037, 2045, 2053, 2061, 2109, 2117, 2125, 2133, 2141, 2205, 2213, 2221, 2301, 3005, 3013, 3021, 3101, 10029, 10037, 10045, 10053, 10061, 10109, 10117, 10125, 10133, 10141, 10205, 10213, 10221, 10301, 11005, 11013, 11021, 11101]


30 [198, 278, 286, 294, 358, 366, 374, 382, 390, 438, 446, 454, 462, 470, 518, 526, 534, 542, 550, 606, 614, 622, 630, 702, 710, 1078, 1086, 1094, 1158, 1166, 1174, 1182, 1190, 1238, 1246, 1254, 1262, 1270, 1318, 1326, 1334, 1342, 1350, 1406, 1414, 1422, 1430, 1502, 1510, 2038, 2046, 2054, 2062, 2070, 2118, 2126, 2134, 2142, 2150, 2206, 2214, 2222, 2230, 2302, 2310, 3006, 3014, 3022, 3030, 3102, 3110, 10038, 10046, 10054, 10062, 10070, 10118, 10126, 10134, 10142, 10150, 10206, 10214, 10222, 10230, 10302, 10310, 11006, 11014, 11022, 11030, 11102, 11110]

31 [199, 279, 287, 295, 359, 367, 375, 383, 391, 439, 447, 455, 463, 471, 519, 527, 535, 543, 551, 607, 615, 623, 631, 703, 711, 1079, 1087, 1095, 1159, 1167, 1175, 1183, 1191, 1239, 1247, 1255, 1263, 1271, 1319, 1327, 1335, 1343, 1351, 1407, 1415, 1423, 1431, 1503, 1511, 2039, 2047, 2055, 2063, 2071, 2119, 2127, 2135, 2143, 2151, 2207, 2215, 2223, 2231, 2303, 2311, 3007, 3015, 3023, 3031, 3103, 3111, 10039, 10047, 10055, 10063, 10071, 10119, 10127, 10135, 10143, 10151, 10207, 10215, 10223, 10231, 10303, 10311, 11007, 11015, 11023, 11031, 11103, 11111]

